37.491989
38.031570
37.067875
37.655712
37.067875
37.534939
37.215218
37.638409
36.287930
36.632755
36.364445
36.600021
36.299988
36.718960
36.219742
36.751907
35.819851
35.800285
35.945591
35.245777
35.509319
35.170120
34.989857
38.164455
38.577820
38.106758
38.338600
37.677361
37.983078
38.062492
37.921535
36.888439
37.436306
36.880135
37.432030
36.963341
37.236362
36.686073
36.690182
36.477791
36.608200
36.235764
36.364445
36.408890
36.255810
35.675556
35.640636
39.144665
38.912243
38.691700
38.491718
38.343086
38.446556
38.632397
38.801659
37.842709
38.005104
37.703373
37.664368
37.509159
37.295696
37.457706
37.921535
36.275879
36.518444

39.172745
39.733238
39.060677
39.294880
37.703373
37.764206
37.449142
37.500572
38.879925
39.196171
38.691700
39.116631
36.714848
36.988373
36.449387
36.842815
38.195595
38.343086
38.289318
36.135864
36.028587
35.421036
35.632885
40.083179
40.240696
39.902580
40.014652
38.027157
38.293793
38.293793
38.106758
39.546223
39.839512
39.327892
39.356232
37.143505
37.677361
37.257534
37.720734
38.986317
39.210243
38.889153
39.238415
36.555111
36.624565
36.159786
36.295967
40.705589
40.564495
40.710648
40.539402
39.111961
38.921486
38.843052
38.783287
40.245640
40.344742
39.975601
40.161785
37.877701
37.965473
37.833969
38.044815
36.871834
36.946667

43.093109
43.562881
42.957523
43.127140
41.817253
41.859989
41.801250
42.069584
41.972588
42.275837
41.983345
42.346859
40.771431
40.878242
40.584591
41.036945
41.165829
41.305939
41.253933
39.868599
40.102802
39.375149
39.351505
44.215355
43.995705
43.719814
43.830925
42.259480
42.484119
42.500648
42.655560
42.727867
42.963158
42.867607
43.104446
41.243549
41.583755
41.243549
41.510006
41.827930
42.118252
41.763958
42.091202
40.619808
40.761288
39.892864
40.029320
44.649136
44.685669
44.287067
44.389053
43.189667
43.372601
43.172596
43.110119
43.591858
43.580265
43.441601
43.430088
41.967213
42.123665
42.021030
42.199615
40.690426
40.852760

36.111969
36.526585
35.839439
36.127895
36.068245
36.092079
36.175755
36.312057
35.459366
35.356064
35.162571
35.401901
35.298935
35.295132
35.200344
35.268539
34.634815
34.598248
34.686142
34.866993
34.558109
34.065910
34.333614
36.608200
36.996727
36.620472
36.760151
37.105652
37.042732
36.735428
36.892593
35.490089
36.004833
35.949535
35.996925
35.874752
36.016708
35.906200
36.143833
35.348434
35.132412
35.162571
35.432526
34.885551
35.796371
34.660461
34.933903
37.321186
37.304188
37.295696
36.984200
37.402122
37.807777
37.444862
37.560753
36.227749
36.473732
36.312057
36.425079
36.380592
36.481853
36.324131
36.433178
35.405727
35.367512

44.437210
44.209389
44.215355
44.473400
42.484119
42.555843
42.528229
42.727867
43.326721
43.389832
43.138493
43.476185
41.399872
40.791733
41.557388
41.488983
42.611183
42.374241
42.264931
40.579567
40.645000
40.117531
40.073376
44.389053
45.316002
45.072903
45.316002
43.252377
42.996983
43.280941
43.361122
44.019344
44.263138
44.263138
44.149826
41.515266
42.368763
42.069584
42.418121
43.081776
43.195358
43.036510
43.201054
41.620728
41.520527
40.670223
40.776505
46.275951
45.970818
45.752583
45.720665
43.954391
43.842655
44.149826
44.102287
44.120102
44.777260
44.576248
44.881523
42.700027
42.862000
42.789242
43.025211
41.347633
41.546848

41.067802
43.059132
41.248741
41.134823
39.309021
38.939987
38.500763
38.732861
42.650005
41.394642
41.165829
40.832397
37.991882
38.013920
37.491989
38.093468
41.641888
40.073376
39.849205
36.723076
36.751907
36.465614
36.600021
41.913532
42.259480
42.064186
42.058784
39.280746
39.186798
39.280746
39.546223
43.384087
43.412823
43.481953
41.774605
38.392502
38.514339
38.415005
39.360962
40.619808
41.929623
40.624844
40.599678
38.093468
38.120056
37.410664
37.240597
42.744587
44.649136
43.246666
44.353004
41.641888
39.713974
39.980476
41.737358
45.498474
42.407143
42.194180
42.561371
39.102627
38.977043
39.313736
39.182110
37.803413
38.120056

