37.249062
37.483414
36.449387
37.160355
36.669651
37.025990
36.925850
37.240597
35.815937
36.376553
35.859051
36.155800
36.348309
36.645046
36.332188
36.567348
36.000877
35.547840
35.166344
35.540131
35.317955
35.283730
35.060989
35.352249
37.699032
37.912762
37.151928
37.599541
37.807777
37.729420
38.013920
38.164455
36.950836
37.017624
36.223743
36.834534
36.934174
37.376526
36.506237
36.681965
36.020668
36.251797
35.882610
35.929825
35.413380
35.694988
35.532421
35.772926
38.374516
38.527924
37.996288
38.089039
38.298271
38.302746
38.496239
38.742020
37.513451
37.608173
37.160355
36.801437
37.729420
37.842709
37.333942
36.356373
36.191738
36.235764
36.498108

37.513451
37.444862
38.944614
39.233715
39.990238
40.137188
37.338196
37.380791
36.546955
36.834534
38.186691
38.053654
40.000000
40.053783
36.842815
36.846958
38.137802
35.874752
37.427757
37.308437
38.374516
38.168900
35.613522
35.559414
38.089039
38.128925
39.665901
39.854050
40.913971
41.016399
38.089039
38.195595
37.135086
37.466270
38.527924
38.889153
40.604710
40.539402
37.177219
37.253296
36.421028
36.718960
37.952282
38.035984
38.833847
39.056019
35.992970
36.076187
38.866089
38.723705
40.384521
40.295132
41.510006
41.881390
38.760349
38.682564
37.790337
37.868946
39.394085
39.280746
41.217609
41.405106
37.577980
39.512840
39.805637
36.780785
36.900902

41.510006
41.721416
41.316353
41.342419
41.663063
41.897457
41.415573
42.021030
40.817139
40.801891
40.329845
40.414406
41.305939
41.415573
40.589619
40.554455
41.109020
39.902580
39.436756
39.680309
39.757339
39.990238
39.023460
39.309021
41.870686
42.346859
41.897457
41.817253
42.473103
42.572430
42.517193
42.561371
41.290321
41.394642
40.898651
41.139988
42.026421
42.335918
40.995872
41.557388
40.454323
40.675274
40.324883
40.504326
40.514343
40.675274
39.883156
40.034210
42.968792
43.115791
42.341389
42.901283
43.349648
43.481953
43.212448
43.229553
41.795918
42.264931
41.552116
42.080391
42.683338
42.850792
41.924259
41.000999
41.342419
40.509335
40.629883

36.283913
36.255810
35.540131
35.371330
36.203735
36.143833
36.000877
36.183746
35.196564
35.344624
34.301266
34.759731
35.663910
35.749508
34.986118
35.501625
34.752361
34.590942
33.704998
33.868732
34.510796
34.438255
34.080082
34.076538
36.591846
36.600021
36.044441
35.835522
36.612289
36.888439
36.751907
36.793175
35.730019
35.965317
35.268539
34.971184
36.461555
36.489979
35.733913
35.776833
35.091026
35.185226
34.344410
34.470860
34.930180
35.027260
34.344410
34.837337
37.474838
37.308437
36.624565
36.299988
37.376526
37.742455
37.295696
37.573673
36.380592
36.579594
35.784645
35.698879
37.282967
37.130878
36.239769
35.559414
35.683327
35.181446
35.776833

42.248581
42.407143
42.026421
42.091202
42.561371
42.583496
42.319515
42.583496
41.227982
41.394642
40.847668
41.026669
41.972588
42.085796
41.420807
41.583755
42.129082
40.791733
40.063576
40.122444
40.449326
40.479309
39.951233
40.048889
42.440098
43.070454
42.511677
42.755741
43.591858
43.361122
43.195358
43.343914
42.177887
42.429108
41.462734
41.673660
42.688900
42.379719
41.285122
41.520527
41.114178
41.647179
40.735950
41.072952
41.384190
41.217609
40.394478
40.817139
44.072628
43.842655
43.372601
43.418575
43.418575
44.287067
44.131985
43.954391
42.727867
42.750164
42.495136
42.221363
42.611183
43.825062
42.755741
41.631306
41.774605
41.441761
41.552116

38.691700
41.668362
39.238415
39.214935
40.878242
41.026669
38.833847
38.732861
37.569366
38.843052
38.040398
38.437538
41.999489
40.319920
37.842709
37.886459
40.137188
36.665546
36.917530
39.079308
39.327892
39.484276
38.027157
36.723076
39.370419
39.252514
39.536678
42.677780
41.636593
41.897457
39.069988
39.125969
38.133366
38.605091
40.414406
39.102627
41.264324
41.139988
38.128925
41.405106
37.599541
37.586601
37.660038
38.446556
39.849205
40.058681
37.952282
38.249096
39.873447
40.710648
40.559475
40.334812
42.385204
42.583496
40.776505
40.786655
39.922028
38.806252
39.747696
40.176556
42.806007
41.956467
39.820148
40.409420
41.457489
37.707710
37.751152

