36.727192
37.164570
37.227901
37.634087
37.491989
38.031570
37.067875
37.655712
37.067875
37.534939
37.055298
36.896748
37.215218
37.638409
36.640949
37.168785
36.502171
37.038544
36.352341
36.526585
36.287930
36.632755
36.364445
36.600021
36.299988
36.718960
35.894402
36.131878
36.219742
36.751907
36.477791
36.348309
35.482403
35.230621
35.594177
35.640636
35.819851
35.800285
35.675556
35.945591
35.245777
35.509319
35.582581
35.436359
35.170120
34.989857
34.796646
35.053486
37.457706
37.790337
38.258026
38.284847
38.164455
38.577820
38.106758
38.338600
37.677361
37.983078
37.333942
37.864571
38.062492
37.921535
37.402122
37.491989
36.984200
36.967510
36.888439
37.436306
36.880135
37.432030
36.963341
37.236362
36.465614
36.522514
36.686073
36.690182
36.575512
36.542881
35.957424
36.657345
36.477791
36.608200
36.235764
36.364445
36.408890
36.255810
35.831600
36.111969
35.675556
35.640636
35.586445
35.594177
38.564198
38.691700
39.144665
38.912243
38.691700
38.491718
38.343086
38.446556
38.446556
38.320663
38.632397
38.801659
37.930317
38.040398
37.877701
37.677361
37.842709
38.005104
37.703373
37.664368
37.509159
37.295696
37.143505
37.483414
37.457706
37.921535
37.274487
37.084652
36.275879
36.518444
36.040474
36.143833
37.312687
37.295696
36.235764
36.522514
38.514339
38.253559
37.625446
37.772911

40.137188
40.534389
40.604710
40.822224
39.172745
39.733238
39.060677
39.294880
37.703373
37.764206
38.930737
39.304306
37.449142
37.500572
39.046711
39.009525
40.088085
39.878300
40.117531
40.048889
38.879925
39.196171
38.691700
39.116631
36.714848
36.988373
37.847076
38.325146
36.449387
36.842815
38.120056
38.191143
38.244633
38.370022
39.065331
39.172745
38.195595
38.343086
38.307224
38.289318
36.135864
36.028587
37.522041
37.457706
35.421036
35.632885
36.963341
36.751907
41.062656
41.233170
41.405106
41.578480
40.083179
40.240696
39.902580
40.014652
38.027157
38.293793
39.517609
39.912304
38.293793
38.106758
39.728420
39.888008
40.685375
40.645000
39.546223
39.839512
39.327892
39.356232
37.143505
37.677361
38.559662
38.833847
37.257534
37.720734
38.568737
38.682564
39.926891
39.931759
38.986317
39.210243
38.889153
39.238415
36.555111
36.624565
38.311703
38.442047
36.159786
36.295967
37.479126
37.479126
42.440098
42.080391
40.705589
40.564495
40.710648
40.539402
39.111961
38.921486
40.379543
40.479309
38.843052
38.783287
40.670223
40.624844
41.248741
41.083248
40.245640
40.344742
39.975601
40.161785
37.877701
37.965473
39.617943
39.594006
37.833969
38.044815
39.493793
39.484276
36.871834
36.946667
38.097897
38.204502
40.589619
40.751152
39.555771
39.883156
41.578480
41.668362
41.358070
41.316353

42.042599
41.929623
42.577961
42.833988
43.093109
43.562881
42.957523
43.127140
41.817253
41.859989
41.599594
41.510006
41.801250
42.069584
41.499493
41.531052
41.378963
41.279919
41.457489
41.684265
41.972588
42.275837
41.983345
42.346859
40.771431
40.878242
40.196270
40.394478
40.584591
41.036945
40.695480
40.484310
39.975601
40.078278
40.710648
40.847668
41.165829
41.305939
41.093555
41.253933
39.868599
40.102802
39.723602
39.834671
39.375149
39.351505
39.093296
39.186798
42.716724
42.594566
43.229553
43.447361
44.215355
43.995705
43.719814
43.830925
42.259480
42.484119
42.042599
42.308586
42.500648
42.655560
41.999489
42.210487
41.838612
42.058784
42.727867
42.963158
42.867607
43.104446
41.243549
41.583755
40.985615
41.305939
41.243549
41.510006
40.990742
41.368515
41.316353
41.515266
41.827930
42.118252
41.763958
42.091202
40.619808
40.761288
40.429363
40.489311
39.892864
40.029320
39.589222
39.738056
43.719814
44.078560
44.649136
44.685669
44.287067
44.389053
43.189667
43.372601
42.778069
42.627811
43.172596
43.110119
42.839588
43.064793
42.694462
42.957523
43.591858
43.580265
43.441601
43.430088
41.967213
42.123665
41.647179
41.801250
42.021030
42.199615
41.700180
41.881390
40.690426
40.852760
40.324883
40.409420
41.865337
42.161606
41.316353
41.541584
43.568676
43.562881
42.811604
43.144173

36.203735
36.299988
36.896748
37.097248
36.111969
36.526585
35.839439
36.127895
36.068245
36.092079
35.283730
35.621262
36.175755
36.312057
35.501625
35.578720
35.929825
35.921947
35.632885
36.032551
35.459366
35.356064
35.162571
35.401901
35.298935
35.295132
34.387657
34.675133
35.200344
35.268539
34.478115
34.572693
34.452740
34.510796
34.900414
34.911572
34.634815
34.598248
34.737625
34.686142
34.866993
34.558109
34.133335
34.076538
34.065910
34.333614
33.382233
33.484570
36.698399
36.971680
37.249062
37.664368
36.608200
36.996727
36.620472
36.760151
37.105652
37.042732
35.547840
36.036510
36.735428
36.892593
36.052372
35.996925
36.207733
36.587761
35.490089
36.004833
35.949535
35.996925
35.874752
36.016708
35.245777
35.132412
35.906200
36.143833
35.151257
35.143715
35.784645
35.941647
35.348434
35.132412
35.162571
35.432526
34.885551
35.796371
34.587292
34.833633
34.660461
34.933903
33.889751
34.101364
38.097897
38.115623
37.321186
37.304188
37.295696
36.984200
37.402122
37.807777
36.392715
36.793175
37.444862
37.560753
36.677860
36.421028
37.009262
36.900902
36.227749
36.473732
36.312057
36.425079
36.380592
36.481853
35.455528
36.104012
36.324131
36.433178
35.847282
35.780739
35.405727
35.367512
34.550823
34.579990
36.469673
36.542881
35.567135
35.605782
37.647060
37.582291
36.842815
37.444862

42.495136
42.467598
42.935009
43.464649
44.437210
44.209389
44.215355
44.473400
42.484119
42.555843
42.069584
42.374241
42.528229
42.727867
41.342419
42.064186
42.010258
42.010258
41.758633
41.838612
43.326721
43.389832
43.138493
43.476185
41.399872
40.791733
41.047226
41.337200
41.557388
41.488983
40.741016
41.217609
40.439342
40.660133
40.990742
41.238358
42.611183
42.374241
42.167030
42.264931
40.579567
40.645000
40.201202
40.574543
40.117531
40.073376
39.598793
39.522373
42.923763
43.667377
43.795776
43.930820
44.389053
45.316002
45.072903
45.316002
43.252377
42.996983
42.605644
43.161221
43.280941
43.361122
42.484119
42.963158
42.991341
43.019562
44.019344
44.263138
44.263138
44.149826
41.515266
42.368763
41.716103
41.721416
42.069584
42.418121
41.636593
41.150322
41.994106
41.886745
43.081776
43.195358
43.036510
43.201054
41.620728
41.520527
41.248741
41.399872
40.670223
40.776505
40.092991
40.230816
44.777260
44.740578
46.275951
45.970818
45.752583
45.720665
43.954391
43.842655
43.447361
43.355385
44.149826
44.102287
43.696491
43.522381
43.338184
43.470417
44.120102
44.777260
44.576248
44.881523
42.700027
42.862000
42.528229
42.248581
42.789242
43.025211
42.363285
42.644455
41.347633
41.546848
40.700535
40.817139
42.248581
42.833988
41.801250
41.902813
43.533943
44.269115
43.528160
43.708149

40.944645
41.769279
41.620728
41.415573
41.067802
43.059132
41.248741
41.134823
39.309021
38.939987
39.139992
39.318455
38.500763
38.732861
41.093555
39.299591
40.913971
43.655743
40.893547
40.639961
42.650005
41.394642
41.165829
40.832397
37.991882
38.013920
37.952282
38.550587
37.491989
38.093468
37.751152
38.623291
39.441502
39.111961
39.742874
42.794827
41.641888
40.073376
40.191341
39.849205
36.723076
36.751907
38.058071
37.342449
36.465614
36.600021
36.938339
38.446556
42.616726
42.042599
45.147423
45.278431
41.913532
42.259480
42.064186
42.058784
39.280746
39.186798
41.583755
41.567932
39.280746
39.546223
41.641888
40.014652
40.934418
41.196880
43.384087
43.412823
43.481953
41.774605
38.392502
38.514339
38.866089
39.154022
38.415005
39.360962
39.579659
38.778698
40.181484
40.211067
40.619808
41.929623
40.624844
40.599678
38.093468
38.120056
38.191143
38.370022
37.410664
37.240597
40.000000
37.712051
42.672222
42.330448
42.744587
44.649136
43.246666
44.353004
41.641888
39.713974
40.539402
40.186413
39.980476
41.737358
40.670223
40.344742
41.924259
41.833271
45.498474
42.407143
42.194180
42.561371
39.102627
38.977043
39.356232
39.531910
39.313736
39.182110
39.776646
39.570099
37.803413
38.120056
38.204502
39.873447
41.248741
41.212425
40.216003
40.142105
42.188747
42.215923
41.790588
42.058784

