84.70066666666668
84.76744444444444
84.80844444444443
83.0188888888889
84.47433333333333
83.01055555555556

83.39
85.02122222222222
84.58800000000001
83.303
83.16422222222222
84.57866666666668

83.41577777777778
84.85899999999998
83.16466666666666
84.7148888888889
83.37822222222222
85.02077777777778

84.70477777777778
82.97888888888889
84.60844444444444
85.08066666666667
84.81744444444445
82.70088888888888

84.75811111111112
83.28311111111111
84.90233333333332
84.6782222222222
84.57022222222221
83.14888888888888

82.98966666666666
83.83911111111111
82.97344444444444
85.07155555555556
84.99666666666667
84.54944444444443

84.67977777777777
84.86822222222223
83.15766666666667
84.54533333333333
82.71722222222222
84.98388888888888

84.87077777777779
83.25588888888888
84.63688888888889
83.31311111111111
84.731
84.52688888888889

84.7928888888889
84.85377777777778
84.90633333333334
83.00144444444445
84.53955555555555
83.08844444444445

83.33044444444444
84.99688888888889
84.726
83.4208888888889
83.12155555555556
84.58311111111111

83.29255555555557
84.84877777777777
83.42044444444446
84.59488888888887
83.41744444444447
85.07

84.85466666666667
82.97711111111111
84.74866666666667
85.11144444444444
84.9238888888889
82.80277777777776

84.70688888888888
83.38944444444445
84.97188888888888
84.68488888888889
84.57511111111111
83.16266666666667

83.058
83.78222222222222
83.0391111111111
85.03633333333333
84.83955555555555
84.57966666666667

84.94466666666666
84.78411111111113
83.08477777777779
84.61311111111111
82.77277777777778
84.993

84.76055555555554
83.30466666666668
84.63144444444444
83.29355555555556
84.74
84.43333333333334

84.75411111111113
83.23333333333333
84.77433333333335
84.47566666666667
84.443
82.97555555555556

84.91966666666666
84.88933333333334
83.05477777777779
85.03655555555555
82.68277777777777
84.69266666666667

83.0311111111111
84.82155555555556
84.83833333333332
84.68777777777777
82.79166666666667
84.99033333333334

83.68455555555556
83.20400000000001
84.682
83.31533333333333
84.87933333333334
84.54222222222222

84.82822222222222
82.89966666666668
83.65200000000002
82.99211111111111
84.66211111111112
84.97033333333333

83.29144444444447
84.71177777777777
84.66755555555557
85.0371111111111
83.13000000000001
84.56377777777779

83.37277777777778
84.86266666666667
83.34455555555556
84.59077777777777
84.61144444444443
85.06377777777777

84.77
84.97666666666667
84.67811111111111
83.35533333333332
84.70566666666667
82.6438888888889

84.8698888888889
83.24277777777777
84.74088888888889
84.59433333333332
84.59711111111112
82.97588888888889

84.80944444444445
84.87044444444444
82.96511111111113
85.0198888888889
82.7998888888889
84.47755555555555

83.08588888888889
84.74677777777778
84.95177777777778
84.58566666666667
82.7718888888889
85.03055555555555

83.63333333333334
83.33755555555557
84.59511111111111
83.346
84.79933333333334
84.64177777777778

84.46611111111112
83.04066666666667
83.69544444444445
83.06311111111111
84.59066666666666
85.06966666666666

83.36877777777778
84.88766666666666
84.605
85.03722222222223
83.13922222222222
84.51433333333333

83.28155555555556
84.89144444444443
83.36088888888888
84.571
84.625
85.0081111111111

84.87044444444444
84.96566666666666
84.7371111111111
83.26233333333334
84.72311111111111
82.72866666666667

