33.552
33.667
33.345
33.347
33.327
33.5
33.233
33.32
33.343
33.426
33.417
33.632
33.546
33.415
33.673
33.687
33.475
33.309
33.538
33.392
33.749
33.743
33.488
33.467
33.589
33.529
33.491
33.6
33.593
33.554
33.385
33.573
33.738
33.626
33.251
33.604
33.573
33.464
33.336
33.611
33.565
33.615
33.179
33.286
33.633
33.437
33.417
33.553
33.546
33.509
33.304
33.64
33.765
33.551
33.386
33.3
33.441
33.434
33.39
33.619
33.558
33.679
33.637
33.452
33.714
33.491
33.609
33.656
33.579
33.524
33.467
33.753
33.762
33.768
33.534
33.69
33.341
33.339
33.485
33.605

33.626
33.542
33.764
33.812
33.288
33.331
33.404
33.184
33.35
33.782
33.655
33.576
33.63
33.349
33.723
33.676
33.411
33.431
33.462
33.296
33.734
33.633
33.751
33.588
33.603
33.494
33.688
33.384
33.259
33.369
33.49
33.346
33.699
33.648
33.49
33.764
33.469
33.704
33.55
33.832
33.536
33.257
33.339
33.322
33.48
33.441
33.44
33.61
33.445
33.723
33.598
33.78
33.532
33.485
33.295
33.462
33.764
33.674
33.691
33.568
33.292
33.583
33.55
33.647
33.628
33.346
33.525
33.636
33.671
33.531
33.76
33.434
33.404
33.499
33.582
33.286
33.709
33.649
33.389
33.621

33.453
33.313
33.466
33.479
33.705
33.503
33.613
33.535
33.472
33.621
33.6
33.429
33.561
33.402
33.483
33.412
33.457
33.457
33.47
33.386
33.702
33.711
33.55
33.575
33.745
33.419
33.515
33.391
33.559
33.5
33.723
33.51
33.65
33.695
33.651
33.595
33.451
33.396
33.445
33.598
33.745
33.64
33.758
33.474
33.374
33.387
33.62
33.523
33.728
33.611
33.762
33.659
33.459
33.469
33.708
33.539
33.499
33.556
33.637
33.543
33.788
33.685
33.423
33.47
33.619
33.454
33.551
33.6
33.425
33.756
33.677
33.408
33.665
33.679
33.637
33.41
33.639
33.625
33.892
33.826

33.483
33.504
33.673
33.339
33.523
33.464
33.511
33.261
33.35
33.426
33.34
33.453
33.547
33.474
33.729
33.718
33.531
33.517
33.293
33.485
33.655
33.512
33.585
33.717
33.617
33.588
33.412
33.808
33.667
33.475
33.695
33.681
33.602
33.621
33.357
33.445
33.344
33.332
33.347
33.448
33.476
33.474
33.375
33.623
33.649
33.422
33.389
33.477
33.295
33.354
33.5
33.358
33.673
33.6
33.756
33.665
33.616
33.427
33.618
33.344
33.564
33.428
33.575
33.608
33.811
33.754
33.771
33.616
33.525
33.41
33.368
33.526
33.72
33.557
33.509
33.681
33.439
33.441
33.726
33.418

33.667
33.687
33.627
33.641
33.309
33.46
33.371
33.376
33.791
33.718
33.355
33.448
33.604
33.689
33.385
33.73
33.539
33.383
33.304
33.505
33.467
33.791
33.66
33.787
33.542
33.492
33.705
33.533
33.567
33.513
33.428
33.594
33.525
33.842
33.572
33.445
33.534
33.376
33.379
33.652
33.531
33.608
33.335
33.529
33.422
33.624
33.197
33.557
33.504
33.368
33.424
33.621
33.714
33.49
33.476
33.308
33.344
33.431
33.384
33.462
33.611
33.48
33.285
33.603
33.56
33.777
33.619
33.531
33.353
33.561
33.436
33.592
33.747
33.594
33.592
33.543
33.336
33.695
33.571
33.382

33.476
33.615
33.685
33.773
33.434
33.257
33.437
33.307
33.458
33.531
33.495
33.554
33.538
33.362
33.614
33.553
33.474
33.231
33.336
33.227
33.356
33.552
33.557
33.715
33.522
33.631
33.349
33.611
33.344
33.238
33.453
33.531
33.642
33.569
33.699
33.647
33.65
33.619
33.654
33.724
33.373
33.37
33.47
33.237
33.659
33.49
33.375
33.764
33.624
33.635
33.565
33.728
33.267
33.49
33.509
33.456
33.787
33.519
33.74
33.64
33.65
33.725
33.774
33.577
33.513
33.448
33.587
33.402
33.763
33.63
33.417
33.465
33.38
33.245
33.472
33.181
33.495
33.679
33.457
33.46

33.283
33.617
33.383
33.367
33.295
33.584
33.526
33.54
33.532
33.215
33.613
33.628
33.598
33.523
33.529
33.571
33.683
33.488
33.446
33.542
33.422
33.306
33.607
33.666
33.598
33.66
33.572
33.529
33.405
33.45
33.444
33.613
33.617
33.436
33.488
33.533
33.552
33.595
33.377
33.456
33.697
33.597
33.422
33.66
33.46
33.384
33.545
33.522
33.543
33.528
33.473
33.474
33.395
33.586
33.646
33.698
33.536
33.562
33.626
33.584
33.654
33.779
33.323
33.539
33.462
33.546
33.498
33.262
33.577
33.745
33.289
33.544
33.576
33.494
33.367
33.545
33.292
33.568
33.82
33.662

33.825
33.791
33.632
33.423
33.346
33.531
33.471
33.461
33.58
33.476
33.598
33.388
33.715
33.497
33.446
33.781
33.302
33.491
33.186
33.154
33.421
33.592
33.507
33.719
33.574
33.651
33.779
33.604
33.419
33.579
33.536
33.457
33.756
33.722
33.37
33.384
33.645
33.622
33.237
33.423
33.633
33.564
33.455
33.594
33.503
33.542
33.441
33.428
33.654
33.477
33.287
33.315
33.669
33.572
33.437
33.475
33.279
33.409
33.593
33.489
33.423
33.579
33.418
33.624
33.643
33.763
33.728
33.643
33.313
33.611
33.426
33.449
33.567
33.432
33.618
33.421
33.371
33.687
33.63
33.505

33.534
33.353
33.51
33.645
33.539
33.572
33.751
33.597
33.601
33.361
33.543
33.676
33.533
33.515
33.696
33.818
33.68
33.428
33.376
33.704
33.733
33.519
33.472
33.571
33.672
33.661
33.465
33.52
33.31
33.408
33.325
33.466
33.756
33.766
33.581
33.521
33.511
33.636
33.751
33.662
33.397
33.567
33.537
33.108
33.528
33.783
33.578
33.517
33.468
33.61
33.331
33.65
33.577
33.618
33.294
33.5
33.453
33.692
33.51
33.574
33.461
33.494
33.647
33.379
33.467
33.458
33.357
33.235
33.655
33.722
33.55
33.62
33.402
33.316
33.282
33.254
33.371
33.543
33.512
33.859

33.366
33.246
33.536
33.771
33.693
33.463
33.764
33.653
33.586
33.662
33.527
33.505
33.453
33.435
33.485
33.427
33.554
33.415
33.793
33.585
33.693
33.498
33.574
33.518
33.367
33.344
33.345
33.291
33.626
33.642
33.584
33.397
33.612
33.557
33.504
33.228
33.241
33.482
33.628
33.498
33.779
33.788
33.591
33.83
33.688
33.643
33.595
33.514
33.478
33.45
33.58
33.607
33.741
33.802
33.664
33.622
33.769
33.511
33.377
33.536
33.471
33.339
33.767
33.654
33.438
33.627
33.546
33.578
33.511
33.499
33.389
33.356
33.503
33.579
33.382
33.315
33.612
33.45
33.656
33.58

33.452
33.372
33.548
33.404
33.637
33.697
33.583
33.293
33.34
33.599
33.789
33.762
33.75
33.541
33.486
33.306
33.464
33.581
33.637
33.639
33.642
33.603
33.548
33.666
33.729
33.652
33.586
33.532
33.618
33.498
33.614
33.611
33.603
33.369
33.512
33.559
33.641
33.819
33.393
33.572
33.523
33.389
33.607
33.319
33.342
33.605
33.748
33.598
33.547
33.835
33.635
33.5
33.713
33.411
33.617
33.606
33.62
33.336
33.786
33.762
33.439
33.593
33.575
33.407
33.676
33.838
33.862
33.774
33.628
33.589
33.397
33.61
33.796
33.628
33.626
33.623
33.621
33.563
33.448
33.622

33.279
33.337
33.629
33.413
33.74
33.54
33.502
33.559
33.481
33.333
33.68
33.644
33.525
33.459
33.469
33.532
33.693
33.5
33.346
33.638
33.443
33.607
33.342
33.519
33.666
33.586
33.76
33.722
33.604
33.599
33.374
33.412
33.592
33.628
33.678
33.276
33.485
33.623
33.516
33.633
33.644
33.359
33.575
33.587
33.497
33.557
33.64
33.481
33.528
33.632
33.329
33.569
33.352
33.485
33.594
33.584
33.539
33.323
33.681
33.391
33.788
33.636
33.703
33.51
33.572
33.373
33.659
33.54
33.703
33.699
33.732
33.571
33.303
33.337
33.61
33.617
33.651
33.677
33.735
33.673

33.61
33.309
33.633
33.649
33.303
33.365
33.654
33.758
33.49
33.429
33.778
33.758
33.627
33.315
33.653
33.782
33.54
33.658
33.563
33.621
33.646
33.821
33.464
33.537
33.622
33.564
33.736
33.602
33.238
33.497
33.531
33.379
33.524
33.728
33.831
33.655
33.598
33.547
33.581
33.489
33.261
33.345
33.496
33.387
33.501
33.791
33.636
33.392
33.769
33.551
33.344
33.606
33.219
33.534
33.531
33.558
33.586
33.61
33.859
33.781
33.722
33.793
33.668
33.304
33.785
33.629
33.551
33.41
33.505
33.539
33.367
33.501
33.465
33.548
33.447
33.285
33.491
33.688
33.87
33.902

33.369
33.322
33.705
33.532
33.536
33.655
33.673
33.587
33.531
33.637
33.395
33.485
33.257
33.086
33.654
33.382
33.738
33.526
33.388
33.626
33.708
33.463
33.398
33.545
33.522
33.291
33.623
33.358
33.719
33.461
33.378
33.624
33.699
33.403
33.533
33.56
33.293
33.568
33.536
33.844
33.607
33.77
33.629
33.639
33.592
33.445
33.48
33.436
33.296
33.248
33.499
33.564
33.573
33.762
33.512
33.564
33.803
33.534
33.328
33.376
33.442
33.34
33.557
33.742
33.604
33.435
33.54
33.254
33.621
33.44
33.502
33.647
33.699
33.572
33.418
33.641
33.65
33.793
33.714
33.693

33.71
33.656
33.596
33.603
33.574
33.494
33.396
33.4
33.573
33.278
33.786
33.728
33.753
33.687
33.648
33.411
33.427
33.521
33.442
33.565
33.709
33.243
33.828
33.582
33.451
33.76
33.696
33.536
33.567
33.55
33.423
33.432
33.406
33.675
33.574
33.842
33.609
33.515
33.469
33.427
33.405
33.354
33.615
33.435
33.681
33.64
33.79
33.535
33.741
33.754
33.741
33.564
33.691
33.583
33.374
33.501
33.598
33.619
33.509
33.815
33.395
33.575
33.643
33.571
33.858
33.678
33.771
33.711
33.655
33.361
33.6
33.687
33.775
33.695
33.728
33.395
33.597
33.362
33.747
33.576

33.515
33.517
33.758
33.648
33.696
33.629
33.428
33.65
33.438
33.433
33.47
33.63
33.56
33.496
33.532
33.731
33.727
33.593
33.558
33.476
33.729
33.71
33.483
33.325
33.579
33.629
33.598
33.632
33.443
33.354
33.307
33.599
33.814
33.796
33.738
33.422
33.456
33.637
33.456
33.58
33.453
33.456
33.55
33.547
33.774
33.5
33.68
33.523
33.496
33.4
33.344
33.623
33.429
33.625
33.526
33.419
33.318
33.608
33.729
33.538
33.422
33.75
33.346
33.705
33.422
33.316
33.478
33.53
33.743
33.733
33.447
33.758
33.551
33.326
33.356
33.302
33.644
33.447
33.411
33.642

33.25
33.227
33.56
33.616
33.539
33.472
33.593
33.463
33.631
33.666
33.515
33.705
33.522
33.368
33.848
33.656
33.719
33.463
33.771
33.696
33.528
33.516
33.526
33.575
33.632
33.593
33.513
33.549
33.273
33.562
33.599
33.732
33.789
33.741
33.628
33.75
33.656
33.624
33.696
33.597
33.3
33.302
33.271
33.61
33.633
33.674
33.714
33.561
33.436
33.578
33.528
33.498
33.367
33.543
33.383
33.527
33.635
33.672
33.792
33.495
33.812
33.537
33.422
33.559
33.529
33.529
33.476
33.54
33.669
33.409
33.461
33.805
33.458
33.366
33.539
33.363
33.672
33.595
33.812
33.884

33.231
33.235
33.616
33.421
33.731
33.684
33.448
33.422
33.692
33.677
33.491
33.565
33.349
33.353
33.542
33.682
33.768
33.721
33.298
33.686
33.499
33.764
33.381
33.38
33.458
33.552
33.705
33.687
33.421
33.646
33.322
33.441
33.525
33.689
33.62
33.359
33.334
33.41
33.635
33.69
33.526
33.507
33.23
33.241
33.477
33.627
33.742
33.636
33.382
33.413
33.619
33.413
33.311
33.464
33.506
33.322
33.421
33.681
33.629
33.621
33.637
33.497
33.415
33.46
33.553
33.54
33.571
33.243
33.688
33.385
33.835
33.778
33.279
33.417
33.483
33.382
33.403
33.758
33.526
33.533

33.581
33.438
33.631
33.315
33.532
33.441
33.369
33.791
33.71
33.631
33.655
33.659
33.37
33.419
33.408
33.736
33.546
33.638
33.277
33.641
33.45
33.698
33.599
33.58
33.726
33.57
33.695
33.784
33.571
33.269
33.399
33.562
33.618
33.519
33.89
33.813
33.525
33.572
33.469
33.638
33.386
33.512
33.27
33.519
33.702
33.694
33.902
33.819
33.603
33.675
33.657
33.479
33.548
33.525
33.31
33.268
33.306
33.362
33.911
33.798
33.463
33.766
33.47
33.651
33.757
33.686
33.666
33.481
33.815
33.638
33.332
33.705
33.576
33.586
33.244
33.25
33.441
33.594
33.522
33.574

33.486
33.601
33.365
33.628
33.641
33.639
33.25
33.314
33.389
33.458
33.774
33.746
33.448
33.379
33.45
33.454
33.603
33.403
33.417
33.309
33.469
33.374
33.584
33.635
33.644
33.774
33.475
33.759
33.451
33.408
33.347
33.274
33.382
33.407
33.793
33.789
33.649
33.618
33.59
33.322
33.492
33.239
33.397
33.579
33.538
33.734
33.783
33.84
33.756
33.724
33.594
33.317
33.388
33.546
33.409
33.587
33.465
33.595
33.525
33.818
33.447
33.513
33.452
33.583
33.821
33.449
33.682
33.791
33.709
33.519
33.238
33.618
33.494
33.579
33.698
33.499
33.454
33.451
33.667
33.403

33.233
33.553
33.777
33.763
33.755
33.709
33.664
33.56
33.762
33.826
33.625
33.526
33.463
33.506
33.472
33.508
33.506
33.641
33.697
33.657
33.736
33.731
33.571
33.481
33.433
33.49
33.716
33.536
33.569
33.733
33.429
33.606
33.709
33.626
33.604
33.347
33.418
33.53
33.78
33.418
33.703
33.537
33.614
33.641
33.793
33.484
33.562
33.679
33.63
33.545
33.616
33.417
33.45
33.502
33.57
33.474
33.703
33.783
33.642
33.346
33.756
33.657
33.684
33.804
33.595
33.425
33.214
33.207
33.39
33.597
33.764
33.741
33.423
33.44
33.091
33.505
33.524
33.816
33.729
33.662

33.44
33.502
33.527
33.576
33.62
33.562
33.832
33.746
33.801
33.583
33.432
33.563
33.317
33.533
33.704
33.422
33.641
33.73
33.798
33.635
33.755
33.489
33.358
33.367
33.31
33.279
33.555
33.656
33.719
33.713
33.582
33.696
33.577
33.686
33.561
33.507
33.277
33.364
33.758
33.77
33.557
33.483
33.549
33.428
33.661
33.688
33.504
33.329
33.525
33.353
33.447
33.429
33.699
33.707
33.459
33.655
33.317
33.724
33.338
33.526
33.355
33.687
33.643
33.491
33.591
33.609
33.53
33.529
33.624
33.525
33.605
33.453
33.34
33.464
33.276
33.406
33.439
33.583
33.726
33.701

33.622
33.319
33.429
33.524
33.504
33.751
33.343
33.529
33.632
33.299
33.727
33.428
33.501
33.581
33.3
33.675
33.644
33.414
33.602
33.692
33.638
33.447
33.358
33.568
33.766
33.673
33.667
33.725
33.34
33.623
33.261
33.575
33.441
33.587
33.717
33.53
33.441
33.453
33.555
33.306
33.639
33.68
33.588
33.473
33.686
33.765
33.653
33.516
33.751
33.668
33.291
33.37
33.506
33.356
33.602
33.34
33.567
33.607
33.723
33.659
33.677
33.771
33.262
33.425
33.559
33.496
33.696
33.471
33.618
33.649
33.619
33.39
33.646
33.38
33.544
33.431
33.409
33.397
33.766
33.779

33.577
33.423
33.539
33.274
33.455
33.522
33.164
33.605
33.592
33.391
33.632
33.684
33.603
33.566
33.35
33.442
33.585
33.706
33.569
33.333
33.459
33.494
33.545
33.61
33.761
33.718
33.539
33.791
33.522
33.42
33.578
33.58
33.616
33.681
33.635
33.604
33.705
33.727
33.615
33.26
33.56
33.573
33.299
33.369
33.381
33.426
33.461
33.747
33.509
33.679
33.405
33.596
33.545
33.45
33.625
33.414
33.255
33.283
33.745
33.495
33.462
33.765
33.597
33.554
33.721
33.434
33.484
33.498
33.608
33.793
33.628
33.617
33.612
33.51
33.492
33.469
33.527
33.435
33.576
33.63

33.744
33.626
33.515
33.437
33.552
33.296
33.408
33.409
33.841
33.515
33.568
33.594
33.562
33.711
33.778
33.694
33.562
33.548
33.402
33.331
33.767
33.606
33.745
33.575
33.555
33.427
33.791
33.579
33.45
33.425
33.308
33.508
33.629
33.694
33.468
33.768
33.636
33.469
33.831
33.433
33.415
33.547
33.51
33.381
33.805
33.502
33.556
33.603
33.557
33.432
33.374
33.548
33.612
33.521
33.333
33.427
33.671
33.783
33.674
33.498
33.255
33.264
33.672
33.801
33.755
33.553
33.395
33.322
33.478
33.528
33.744
33.74
33.677
33.36
33.516
33.269
33.612
33.505
33.307
33.2

33.512
33.526
33.784
33.41
33.353
33.514
33.485
33.255
33.622
33.443
33.366
33.628
33.53
33.677
33.73
33.451
33.348
33.475
33.253
33.274
33.625
33.697
33.828
33.664
33.381
33.483
33.729
33.404
33.43
33.53
33.245
33.309
33.698
33.474
33.456
33.377
33.546
33.802
33.48
33.538
33.504
33.142
33.316
33.298
33.713
33.713
33.546
33.634
33.688
33.587
33.656
33.421
33.436
33.534
33.22
33.203
33.355
33.268
33.624
33.615
33.587
33.631
33.711
33.575
33.707
33.52
33.443
33.605
33.317
33.388
33.789
33.738
33.478
33.598
33.634
33.6
33.483
33.79
33.671
33.335

33.329
33.381
33.429
33.27
33.573
33.259
33.22
33.442
33.297
33.514
33.34
33.354
33.646
33.351
33.679
33.73
33.594
33.403
33.348
33.204
33.689
33.541
33.714
33.734
33.434
33.564
33.394
33.497
33.496
33.621
33.682
33.636
33.614
33.697
33.465
33.607
33.291
33.6
33.614
33.264
33.693
33.481
33.356
33.444
33.62
33.543
33.611
33.465
33.456
33.332
33.428
33.574
33.757
33.608
33.647
33.454
33.562
33.355
33.435
33.355
33.799
33.689
33.426
33.363
33.56
33.45
33.695
33.668
33.587
33.548
33.632
33.687
33.773
33.587
33.538
33.467
33.405
33.398
33.67
33.581

33.502
33.464
33.303
33.373
33.43
33.285
33.493
33.343
33.568
33.512
33.376
33.612
33.373
33.67
33.34
33.705
33.554
33.569
33.574
33.306
33.435
33.555
33.45
33.347
33.316
33.341
33.704
33.557
33.746
33.687
33.501
33.53
33.372
33.784
33.594
33.598
33.448
33.591
33.426
33.564
33.695
33.403
33.415
33.651
33.626
33.403
33.595
33.629
33.61
33.328
33.526
33.245
33.725
33.425
33.665
33.663
33.512
33.244
33.633
33.427
33.705
33.342
33.54
33.625
33.462
33.446
33.347
33.753
33.47
33.574
33.441
33.567
33.793
33.592
33.742
33.617
33.573
33.631
33.82
33.645

33.471
33.74
33.59
33.65
33.234
33.463
33.471
33.215
33.507
33.672
33.418
33.582
33.517
33.692
33.83
33.474
33.501
33.226
33.43
33.465
33.563
33.653
33.651
33.519
33.241
33.615
33.781
33.531
33.584
33.43
33.283
33.251
33.554
33.536
33.647
33.462
33.294
33.305
33.471
33.364
33.458
33.325
33.489
33.484
33.514
33.572
33.331
33.349
33.518
33.614
33.672
33.421
33.369
33.338
33.541
33.242
33.653
33.72
33.68
33.754
33.349
33.521
33.519
33.593
33.621
33.742
33.711
33.58
33.509
33.255
33.602
33.731
33.636
33.66
33.508
33.237
33.599
33.805
33.35
33.638

33.634
33.47
33.81
33.406
33.507
33.34
33.324
33.447
33.614
33.371
33.549
33.316
33.466
33.503
33.737
33.731
33.48
33.484
33.295
33.505
33.635
33.729
33.506
33.475
33.581
33.507
33.785
33.625
33.333
33.411
33.473
33.33
33.649
33.716
33.528
33.536
33.63
33.518
33.796
33.648
33.322
33.293
33.531
33.265
33.791
33.595
33.444
33.246
33.556
33.506
33.43
33.62
33.364
33.518
33.307
33.263
33.329
33.362
33.339
33.406
33.544
33.253
33.333
33.724
33.534
33.69
33.545
33.5
33.599
33.333
33.514
33.822
33.509
33.45
33.567
33.653
33.411
33.806
33.575
33.267

33.335
33.718
33.386
33.337
33.33
33.393
33.262
33.292
33.642
33.399
33.458
33.58
33.43
33.662
33.634
33.526
33.471
33.33
33.26
33.338
33.749
33.718
33.709
33.806
33.277
33.583
33.707
33.567
33.532
33.569
33.6
33.549
33.431
33.626
33.606
33.601
33.272
33.443
33.68
33.691
33.702
33.456
33.538
33.649
33.701
33.488
33.565
33.307
33.517
33.494
33.385
33.682
33.752
33.33
33.753
33.623
33.503
33.552
33.615
33.451
33.763
33.679
33.651
33.387
33.496
33.718
33.489
33.597
33.392
33.619
33.622
33.52
33.48
33.64
33.548
33.711
33.701
33.497
33.698
33.415

33.6
33.728
33.456
33.29
33.483
33.353
33.354
33.422
33.45
33.56
33.557
33.663
33.434
33.695
33.439
33.353
33.404
33.466
33.667
33.394
33.662
33.62
33.454
33.306
33.599
33.424
33.325
33.326
33.565
33.522
33.738
33.511
33.36
33.524
33.656
33.647
33.416
33.534
33.301
33.292
33.621
33.596
33.606
33.587
33.354
33.356
33.787
33.713
33.578
33.42
33.402
33.405
33.822
33.752
33.533
33.553
33.487
33.463
33.724
33.602
33.793
33.648
33.293
33.402
33.591
33.736
33.636
33.259
33.556
33.561
33.458
33.455
33.468
33.521
33.736
33.766
33.587
33.607
33.606
33.828

