37.042732
37.402122
37.851448
37.577980
37.764206
37.712051
37.930317
37.625446
35.730019
35.640636
36.739544
36.384632
36.243778
35.989017
36.048405
36.195736
34.763420
35.045990
35.501625
35.827682
35.042240
35.260948
35.241989
35.578720
37.912762
37.772911
38.464607
38.204502
38.320663
38.164455
36.930012
36.710732
36.489979
36.324131
37.177219
37.017624
36.863541
36.429127
38.053654
38.120056
36.096058
36.167770
36.880135
37.013443
36.400799
36.498108
36.612289
36.632755
38.307224
38.106758
38.829247
38.469124
38.705410
38.487198
37.160355
36.955002
36.834534
36.645046
37.397854
37.105652
37.168785
36.963341

38.691700
38.582363
38.280373
38.097897
38.280373
38.120056
39.309021
39.158699
37.198318
36.776657
37.130878
37.067875
36.555111
36.271862
37.565060
37.346706
35.969265
36.155800
36.088104
36.510307
35.482403
35.780739
36.686073
36.772530
38.995598
38.879925
38.820045
38.723705
38.668869
38.555122
38.419510
38.009510
37.768559
37.569366
37.664368
37.444862
37.143505
37.038544
39.536678
39.384617
37.299942
37.470554
37.483414
37.599541
36.871834
36.938339
38.062492
38.164455
39.294880
39.135315
39.168060
39.219627
38.958508
38.792469
38.325146
38.133366
37.886459
37.860195
38.066914
37.803413
37.582291
37.355221

35.177670
35.192783
35.317955
35.076000
35.016029
34.866993
36.514374
36.235764
33.809326
33.546272
33.974079
33.708466
33.402649
33.055584
34.226028
34.208164
32.669991
32.889690
32.863304
33.233265
32.401859
32.663475
33.331299
33.529110
35.902267
35.679443
35.965317
35.660027
35.563274
35.298935
34.963722
34.759731
34.158241
34.119118
34.319229
34.204594
33.928349
33.767517
36.963341
36.518444
33.935375
33.907284
33.938892
34.136890
33.382233
33.566891
34.391270
34.752361
36.239769
35.969265
36.372517
36.100033
35.749508
35.567135
35.173893
34.826229
34.708187
34.514431
34.697163
34.344410
34.104912
34.062370

40.776505
40.857857
40.746082
40.419392
40.464314
40.670223
40.097897
40.344742
40.112621
39.956104
40.230816
40.043995
39.868599
39.771816
40.695480
40.584591
39.130642
39.304306
39.182110
39.455750
38.879925
39.051365
39.498554
40.117531
40.594646
40.609741
40.796814
40.893547
40.529377
40.705589
40.842579
40.359650
40.670223
40.519352
40.310001
40.464314
40.344742
40.211067
39.786304
40.073376
40.151943
40.434353
40.137188
40.499321
39.820148
40.186413
40.832397
40.878242
40.857857
40.929302
40.499321
40.534389
40.569519
40.389500
41.062656
40.549438
40.746082
40.660133
40.735950
40.564495
40.579567
40.434353

40.544418
40.310001
40.255527
40.102802
40.206135
40.220940
40.255527
39.699539
39.584442
39.342056
39.512840
39.337334
39.356232
39.083969
39.985355
39.839512
38.437538
38.673431
38.424015
38.792469
38.151123
38.396999
38.944614
39.309021
40.414406
40.399456
40.265423
40.156864
40.725826
40.564495
40.384521
40.196270
39.941490
39.718788
39.694729
39.800800
39.546223
39.337334
40.379543
40.364620
39.704350
39.627525
39.738056
39.752518
39.205551
39.512840
40.161785
40.235756
40.604710
40.700535
40.058681
39.995117
40.827312
40.564495
40.364620
39.990238
40.314960
40.161785
39.786304
39.675507
40.147022
39.990238

36.171764
36.056339
36.731308
36.400799
36.567348
36.445335
36.867687
36.563267
34.653130
34.387657
35.432526
35.064739
34.963722
34.748676
35.132412
34.605556
33.494839
33.750130
34.261814
34.623837
33.781445
34.041138
33.781445
34.330017
36.739544
36.235764
37.173000
36.988373
37.093048
36.900902
35.570995
35.072247
35.166344
34.733940
35.847282
35.851204
35.613522
35.336998
37.410664
37.097248
34.770798
34.885551
35.663910
35.609650
35.185226
35.234409
35.317955
35.451694
37.067875
36.930012
37.638409
37.504864
37.569366
37.389320
35.898335
35.629009
35.295132
35.268539
36.239769
35.851204
35.749508
35.570995

41.269520
41.290321
41.253933
41.186527
41.347633
41.347633
40.675274
40.305042
41.114178
41.016399
40.519352
40.310001
40.735950
40.519352
41.243549
41.181351
40.394478
40.554455
39.766991
39.873447
39.665901
39.646702
40.220940
40.852760
41.129662
41.098709
40.827312
40.893547
40.888447
40.990742
41.264324
41.347633
41.093555
40.944645
41.114178
41.021534
41.067802
40.975365
40.655087
40.171631
41.196880
41.207245
40.893547
40.965122
40.806973
40.903759
41.285122
40.985615
41.083248
41.134823
40.675274
40.913971
41.233170
41.155487
41.316353
41.326775
41.305939
41.358070
41.000999
41.016399
41.316353
41.181351

35.336998
35.283730
35.276134
35.272335
35.162571
35.060989
36.092079
36.072216
33.750130
33.529110
34.009342
33.743179
33.501686
33.474308
34.355209
34.161800
32.741806
32.922737
33.092304
33.395844
32.475719
32.804085
33.226524
33.663448
35.925884
35.823769
36.107990
35.823769
35.706657
35.482403
34.907852
34.759731
34.229603
34.087173
34.561756
34.409325
34.101364
33.809326
36.834534
36.636852
33.882744
34.112015
34.268982
34.405712
33.757084
33.739704
34.319229
34.770798
36.449387
36.159786
36.538803
36.340248
36.195736
35.989017
35.428696
34.778179
34.653130
34.503529
34.878128
34.572693
34.290497
34.034069

39.555771
39.791134
39.522373
39.603577
39.704350
39.527142
39.565323
39.276039
38.523396
38.262493
38.482677
38.275902
38.347572
38.075760
39.065331
38.559662
37.266006
37.616806
37.560753
37.895226
37.177219
37.483414
37.651386
38.022743
39.854050
39.820148
39.956104
39.733238
39.728420
39.946362
39.389351
39.276039
39.009525
38.852264
39.224323
38.912243
38.815445
38.668869
39.965851
39.603577
38.623291
38.719131
38.655186
38.728283
38.258026
38.383507
39.280746
38.986317
40.161785
39.820148
40.176556
40.097897
39.820148
40.063576
39.762165
39.541451
39.243114
39.196171
39.436756
39.135315
39.219627
39.032757

38.365532
38.137802
37.794693
37.513451
37.414936
36.896748
39.004879
38.760349
36.640949
36.489979
36.060307
35.866901
35.831600
35.540131
36.963341
37.017624
35.578720
35.804195
34.878128
35.386608
34.376835
34.656796
35.749508
36.163780
38.810848
38.673431
38.370022
38.133366
37.983078
37.790337
37.509159
37.342449
37.440586
37.126671
36.955002
36.534729
36.271862
36.020668
39.093296
38.958508
36.735428
36.900902
36.510307
36.628662
35.874752
36.004833
37.194099
37.342449
38.972408
38.981678
38.963139
38.751183
38.709984
38.289318
38.044815
37.582291
37.668697
37.346706
37.038544
36.863541
36.921692
36.425079

35.843361
35.710548
36.080158
35.985065
36.127895
35.949535
36.751907
36.400799
34.796646
34.463608
34.948807
34.719219
34.405712
34.315636
35.016029
34.859573
32.843540
33.739704
33.809326
34.151119
33.419685
33.484570
33.704998
34.286911
36.392715
36.324131
36.880135
36.595936
36.789043
36.591846
35.574856
35.268539
35.106064
35.087269
35.570995
35.344624
35.113586
34.686142
37.449142
37.236362
34.878128
35.008549
35.223045
35.333191
34.656796
34.697163
35.192783
35.260948
36.980026
36.842815
37.368000
36.996727
37.274487
36.988373
35.921947
35.648392
35.543983
35.113586
35.776833
35.517017
35.582581
35.344624

40.817139
40.817139
41.000999
40.908863
40.786655
40.776505
40.614773
40.893547
40.305042
40.034210
40.216003
40.043995
39.858898
39.584442
40.479309
40.220940
39.135315
39.470009
39.102627
39.441502
38.491718
38.682564
39.479519
39.685116
40.464314
40.913971
40.903759
40.771431
40.574543
40.786655
40.786655
40.374569
40.645000
40.484310
40.484310
40.235756
40.117531
40.024429
40.489311
40.650043
40.132271
40.384521
40.409420
40.479309
39.752518
40.024429
40.634922
40.847668
40.519352
40.419392
40.919083
40.878242
40.549438
40.660133
40.939529
40.837486
40.817139
40.796814
40.781582
40.589619
40.589619
40.444336

35.189003
34.986118
35.019772
34.852158
34.656796
34.543537
36.080158
35.718334
33.805840
33.518822
33.767517
33.460636
33.338081
33.048916
34.112015
33.886246
32.738537
32.850124
32.617958
33.042252
32.347485
32.495041
32.883091
33.331299
35.874752
35.440189
35.757313
35.513168
35.204124
35.031002
34.521702
34.467236
34.362415
34.076538
34.233181
33.981125
33.865234
33.680748
36.425079
36.207733
33.774479
34.065910
33.910793
34.144005
33.487991
33.580650
34.333614
34.420170
36.215736
35.753410
36.024628
36.155800
35.656147
35.474720
34.915291
34.565399
34.481743
34.233181
34.576344
34.348007
33.942406
33.858234

35.992970
35.796371
36.255810
36.032551
36.151810
36.052372
37.009262
36.368481
34.726578
34.459984
34.986118
34.726578
34.518066
34.344410
35.008549
34.789257
33.594421
34.016403
33.823288
34.140446
33.378834
33.642712
33.673824
34.283321
36.522514
36.320107
36.731308
36.579594
36.834534
36.616383
35.517017
35.291328
35.272335
35.016029
35.582581
35.314152
35.162571
34.919010
37.457706
37.253296
34.855865
34.601902
35.139946
35.302738
34.612865
34.833633
35.196564
35.310345
36.942501
36.780785
37.359482
37.126671
37.168785
37.009262
35.949535
35.590313
35.513168
35.424866
35.827682
35.478561
35.493935
35.302738

40.873146
40.959999
40.898651
40.832397
40.705589
40.554455
40.029320
40.801891
40.235756
40.014652
40.201202
39.956104
39.829830
39.627525
40.429363
40.235756
39.252514
39.427265
39.111961
39.479519
38.668869
38.833847
39.460503
39.815311
40.690426
40.569519
40.985615
40.949764
40.584591
40.746082
40.888447
40.690426
40.665176
40.524364
40.629883
40.464314
40.305042
40.161785
40.464314
40.414406
40.334812
40.414406
40.142105
40.474308
39.757339
39.873447
40.614773
40.384521
40.584591
40.474308
40.746082
40.796814
40.419392
40.670223
40.903759
40.806973
40.822224
40.489311
40.786655
40.584591
40.594646
40.449326

35.181446
35.151257
35.113586
34.870705
34.645802
34.492630
35.722229
35.687214
33.865234
33.649620
33.673824
33.446972
33.300812
33.243382
34.058830
33.928349
32.725456
32.853420
32.604977
32.965794
32.271027
32.472500
32.784393
33.341473
35.769020
35.501625
35.718334
35.463203
35.185226
34.922733
34.634815
34.140446
34.069454
34.083630
34.012871
33.967037
33.753605
33.584095
36.392715
35.847282
33.704998
33.809326
33.666908
34.019932
33.446972
33.566891
34.097816
34.412937
36.104012
35.941647
36.084133
35.929825
35.663910
35.356064
34.837337
34.598248
34.474487
34.236755
34.631157
34.340809
34.044674
33.642712

40.670223
40.751152
40.827312
40.589619
40.629883
40.776505
40.868046
40.939529
40.459316
40.255527
39.661098
39.574879
39.375149
39.332615
40.786655
40.529377
39.479519
39.742874
38.778698
39.144665
38.222324
38.582363
39.820148
39.820148
40.404438
40.559475
40.832397
40.720764
40.776505
40.883343
40.903759
40.812057
40.817139
40.685375
40.369595
40.295132
40.112621
39.632317
40.771431
40.852760
40.334812
40.629883
40.053783
40.147022
39.598793
39.795967
40.806973
40.776505
40.359650
40.424377
40.464314
40.680325
40.574543
40.746082
40.569519
41.036945
40.929302
40.837486
40.574543
40.029320
40.384521
40.191341

38.343086
38.226784
37.738110
37.436306
37.612488
37.432030
38.691700
38.442047
36.612289
36.494041
36.219742
35.851204
35.839439
35.493935
37.291454
36.963341
35.490089
35.132412
35.023514
35.378967
34.510796
34.697163
36.044441
36.388672
38.907623
38.696270
38.419510
38.093468
38.226784
37.890842
37.842709
37.509159
37.244827
37.177219
36.826252
36.620472
36.437229
36.088104
39.000237
39.116631
36.620472
36.975853
36.489979
36.640949
35.847282
35.843361
37.526340
37.496281
38.797062
38.755764
38.709984
38.523396
38.487198
38.352058
38.044815
37.595226
37.699032
37.586601
37.223675
36.817978
36.884285
36.583679

40.584591
40.756218
40.670223
40.639961
40.746082
40.680325
40.329845
40.806973
40.524364
40.029320
39.907440
39.699539
39.318455
39.323174
40.715706
40.564495
39.427265
39.718788
38.755764
39.196171
38.392502
38.352058
39.956104
40.063576
40.504326
40.494316
40.924191
40.862949
40.741016
40.862949
40.842579
40.898651
40.756218
40.680325
40.196270
39.956104
40.112621
39.536678
40.873146
40.913971
40.584591
40.564495
40.083179
40.171631
39.546223
39.771816
40.484310
40.847668
40.369595
40.394478
40.624844
40.474308
40.544418
40.609741
40.650043
40.913971
40.474308
40.614773
40.285221
40.255527
40.404438
40.186413

34.911572
34.971184
35.467041
35.238197
35.417206
35.444023
35.722229
35.463203
33.739704
33.457218
34.051750
33.889751
33.868732
33.646164
33.935375
33.467468
32.588760
32.856712
33.129108
33.365238
32.807369
33.045582
32.972427
33.048916
35.306541
35.147484
36.068245
35.796371
36.139847
35.937706
34.294086
34.283321
34.112015
33.907284
34.896698
34.656796
34.438255
34.226028
36.324131
35.812023
33.673824
33.914303
34.294086
34.554466
34.009342
34.119118
34.122669
33.910793
35.866901
35.605782
36.348309
36.267849
36.538803
36.275879
34.726578
34.445496
34.550823
34.251072
35.064739
34.719219
34.952534
34.671463

39.980476
39.975601
40.097897
40.043995
40.142105
40.191341
40.211067
40.196270
39.196171
38.903004
38.981678
39.037407
38.953876
38.618740
39.158699
39.107292
37.952282
38.128925
38.195595
38.410503
37.655712
37.864571
38.573277
38.655186
40.092991
39.829830
40.196270
40.088085
40.389500
40.419392
39.617943
39.815311
39.574879
39.290169
39.555771
39.422523
39.309021
39.037407
40.151943
40.216003
39.261921
39.252514
39.403561
39.555771
39.121300
39.186798
39.839512
39.738056
40.097897
39.941490
40.300087
40.310001
40.559475
40.469311
40.063576
39.946362
39.878300
39.627525
39.888008
39.713974
39.574879
39.541451

37.621124
37.577980
37.842709
37.738110
37.616806
37.534939
38.618740
38.379013
36.312057
36.175755
36.784912
36.522514
36.316082
36.040474
37.021805
36.817978
35.109825
35.352249
35.640636
35.977161
35.060989
35.394253
35.906200
36.219742
37.943493
37.921535
38.473640
38.115623
38.146683
37.908375
37.470554
37.232132
36.846958
36.694290
37.282967
37.009262
36.996727
36.461555
38.990955
38.884537
36.485916
36.457500
36.934174
37.055298
36.429127
36.506237
37.189877
37.363739
38.523396
38.302746
38.907623
38.659744
38.410503
38.298271
37.712051
37.560753
37.181435
36.963341
37.526340
37.177219
36.963341
36.892593

40.063576
40.058681
40.073376
40.068478
39.936623
40.029320
39.060677
39.917164
39.182110
38.949245
39.252514
38.995598
38.824646
38.632397
39.627525
39.384617
37.829601
38.102325
38.120056
38.424015
37.660038
37.855824
38.496239
38.824646
40.000000
39.154022
40.424377
40.280270
40.235756
40.265423
39.815311
39.718788
39.656300
39.337334
39.565323
39.484276
39.346783
39.009525
40.073376
39.560547
39.280746
39.342056
39.342056
39.560547
38.907623
39.000237
39.694729
39.795967
40.201202
40.142105
40.434353
40.384521
40.474308
40.369595
40.107712
39.854050
39.912304
39.766991
39.975601
39.694729
39.646702
39.579659

39.995117
39.995117
39.907440
39.965851
40.161785
40.092991
39.594006
39.527142
39.032757
38.728283
39.182110
39.037407
38.972408
38.687130
39.318455
39.219627
37.855824
38.035984
37.969872
38.496239
37.712051
37.969872
38.231243
38.641510
40.255527
40.107712
40.142105
40.181484
40.329845
40.235756
39.613152
39.479519
39.451000
39.389351
39.689922
39.550995
39.479519
39.233715
39.980476
39.747696
39.121300
39.261921
39.503315
39.460503
39.046711
39.069988
39.608364
39.598793
40.176556
40.305042
40.364620
40.255527
40.464314
40.394478
39.699539
39.622734
39.839512
39.608364
39.868599
39.608364
39.641907
39.594006

39.574879
39.685116
40.624844
40.444336
40.444336
40.389500
39.675507
39.598793
38.792469
38.650623
39.733238
39.489033
39.360962
39.009525
39.107292
38.953876
37.794693
38.018333
38.705410
39.009525
38.124493
38.396999
38.146683
38.487198
39.584442
39.555771
40.584591
40.454323
40.655087
40.655087
39.446251
39.432011
39.257217
39.210243
40.186413
40.039101
39.888008
39.555771
40.034210
39.742874
38.958508
39.121300
40.053783
40.014652
39.460503
39.474762
39.280746
39.408298
39.878300
39.598793
40.584591
40.645000
40.822224
40.730888
39.541451
39.594006
39.479519
39.517609
40.290176
40.181484
40.147022
39.985355

39.479519
39.323174
38.473640
38.298271
38.778698
38.806252
39.536678
39.313736
38.401501
38.200047
36.789043
37.312687
37.359482
37.156139
38.280373
37.825233
37.355221
37.491989
36.396755
36.764278
36.227749
36.429127
37.261768
37.577980
39.766991
39.641907
38.446556
38.691700
39.186798
39.149342
38.723705
38.244633
38.769524
38.705410
38.160007
37.886459
37.921535
37.738110
40.000000
39.800800
38.582363
38.546055
37.768559
37.947887
37.496281
37.647060
38.482677
38.555122
40.191341
39.815311
39.135315
38.939987
39.574879
39.441502
38.833847
38.217869
39.116631
39.051365
38.275902
38.062492
38.455582
38.200047

38.058071
37.820869
38.668869
38.442047
38.455582
38.437538
39.102627
38.866089
36.636852
36.441280
37.427757
37.067875
36.909214
36.600021
37.466270
36.871834
35.543983
35.769020
36.235764
36.559189
35.691101
35.961369
36.159786
36.538803
38.491718
38.343086
39.318455
38.907623
38.939987
38.751183
37.925926
37.816502
37.244827
36.967510
37.903992
37.777264
37.539238
37.329689
39.417778
39.252514
36.760151
36.316082
37.616806
37.738110
37.005081
37.168785
37.625446
37.738110
38.972408
38.764935
39.651501
39.403561
39.266628
39.093296
38.311703
38.066914
37.569366
37.376526
38.240170
37.930317
37.947887
37.686028

40.156864
39.849205
40.389500
40.235756
40.434353
40.354679
40.310001
40.280270
39.276039
39.135315
39.394085
39.177425
39.042057
38.810848
39.771816
39.579659
38.146683
38.338600
38.244633
38.591450
37.868946
37.947887
38.709984
39.074650
40.290176
40.211067
40.594646
40.484310
40.660133
40.634922
40.063576
40.024429
39.723602
39.522373
39.858898
39.046711
39.550995
39.304306
40.514343
40.424377
39.271332
39.527142
39.342056
39.685116
38.953876
39.276039
39.897724
39.965851
40.394478
40.399456
40.771431
40.685375
40.766361
40.756218
40.186413
40.024429
39.975601
39.868599
40.078278
39.849205
39.897724
39.752518

41.078098
41.238358
41.462734
41.368515
41.510006
41.447002
40.685375
40.822224
41.196880
41.134823
41.026669
41.088402
40.741016
40.776505
40.883343
40.761288
40.225876
40.639961
40.265423
40.584591
39.641907
40.097897
40.735950
40.929302
40.929302
41.259129
41.331989
41.431282
41.233170
41.504749
41.363293
41.352852
41.483730
41.295525
41.384190
41.316353
41.290321
41.139988
40.781582
40.650043
41.352852
41.405106
41.155487
41.347633
41.036945
40.929302
41.331989
41.295525
40.862949
41.124496
41.155487
41.238358
41.441761
41.494240
41.285122
41.494240
41.410336
41.389416
41.279919
41.311146
41.410336
41.316353

35.230621
35.185226
34.405712
34.154678
34.283321
34.019932
35.831600
35.405727
33.725815
33.464054
33.032257
32.827087
32.446777
32.106606
33.865234
33.632351
32.562855
32.725456
31.975019
32.261494
31.577528
31.748861
32.683025
33.032257
35.601913
35.629009
35.132412
34.800339
34.804035
34.627495
34.366020
34.183186
34.218880
34.097816
33.618549
33.399246
33.062256
32.989025
36.291946
35.992970
33.795380
33.991703
33.304199
33.348259
32.647205
32.827087
34.076538
34.151119
36.352341
35.977161
35.567135
35.375149
35.268539
34.355209
34.452740
34.319229
34.583641
34.402100
33.977604
33.549709
33.525681
33.324520

40.959999
41.047226
41.036945
40.883343
40.791733
40.751152
41.129662
41.176174
40.260475
40.088085
40.073376
39.902580
39.709160
39.460503
40.374569
40.255527
39.205551
39.474762
38.958508
39.356232
38.451069
38.783287
39.342056
39.680309
40.589619
40.705589
41.279919
41.103863
40.959999
40.847668
40.852760
40.665176
40.751152
40.569519
40.534389
40.354679
40.181484
39.791134
41.093555
40.985615
40.389500
40.544418
40.344742
40.409420
39.791134
39.888008
40.614773
40.594646
40.319920
40.454323
41.300732
41.259129
40.913971
40.873146
41.000999
40.786655
40.756218
40.812057
40.720764
40.504326
40.489311
40.314960

34.926456
34.748676
34.892982
34.634815
34.715542
34.623837
35.870827
35.478561
33.409462
33.324520
33.604759
33.310970
33.072266
32.869896
33.639256
33.450386
32.325146
32.634201
32.411472
32.771278
31.956310
32.198093
32.569328
32.909512
35.321762
35.109825
35.540131
35.200344
35.238197
35.098545
34.233181
34.115566
34.108463
33.826778
34.233181
33.963516
33.701534
33.423092
36.348309
36.115948
33.580650
33.649620
33.872234
33.945923
33.256878
33.327908
34.005810
34.005810
35.784645
35.405727
36.036510
35.800285
35.796371
35.493935
34.715542
34.366020
34.312042
34.044674
34.438255
34.090721
34.083630
33.802353

40.171631
40.039101
39.990238
39.829830
39.815311
39.598793
40.771431
40.594646
39.069988
38.820045
38.709984
38.469124
38.204502
37.961075
39.130642
38.824646
37.677361
38.080185
37.513451
37.873325
37.000904
37.274487
37.917149
38.168900
40.319920
40.235756
40.469311
40.029320
39.965851
40.024429
39.656300
39.408298
39.594006
39.360962
39.294880
38.967773
38.838451
38.614189
41.036945
40.919083
38.939987
39.271332
38.806252
39.069988
38.338600
38.482677
39.360962
39.389351
40.424377
40.339775
40.746082
40.579567
40.310001
40.344742
39.931759
39.617943
39.805637
39.584442
39.574879
39.243114
39.266628
38.912243

41.191704
41.305939
41.352852
41.269520
41.285122
41.109020
40.929302
40.985615
40.751152
40.300087
40.369595
40.459316
40.265423
40.083179
40.604710
40.822224
39.766991
39.805637
39.598793
39.995117
39.139992
39.356232
40.063576
40.319920
41.207245
41.176174
41.378963
41.363293
41.337200
41.279919
41.186527
41.176174
41.103863
40.959999
41.088402
40.929302
40.756218
40.579567
41.285122
40.857857
40.812057
40.919083
40.604710
40.919083
40.364620
40.524364
41.067802
41.145153
40.990742
41.129662
41.394642
41.368515
41.259129
41.269520
41.394642
41.238358
41.238358
41.181351
41.212425
40.980492
41.036945
40.903759

34.083630
34.265396
34.579990
34.398487
34.660461
34.449116
35.436359
34.982384
33.078941
32.869896
33.344868
33.109024
32.935974
32.751625
33.351654
32.856712
31.984383
32.163330
32.185444
32.469284
31.810503
32.138092
32.172802
32.533756
34.911572
34.697163
35.314152
34.959991
35.042240
34.715542
33.854736
33.684212
33.365238
33.270382
33.900269
33.670364
33.426502
33.395844
35.815937
35.336998
33.192867
33.233265
33.621998
33.708466
33.062256
33.213055
33.290665
33.698067
35.463203
34.963722
35.749508
35.551697
35.444023
35.200344
34.265396
33.896763
33.795380
33.594421
34.119118
33.851238
33.907284
33.854736

39.342056
39.290169
39.023460
38.824646
38.870701
38.783287
40.117531
39.863747
38.316185
37.978676
37.699032
37.427757
37.206768
37.005081
38.401501
38.195595
37.072067
37.278725
36.477791
36.875984
35.981113
36.231754
36.921692
37.577980
39.627525
39.536678
39.541451
39.309021
39.276039
39.079308
38.995598
38.824646
38.573277
38.541519
38.352058
38.071339
37.860195
37.483414
40.344742
40.250584
38.352058
38.478157
37.952282
38.111187
37.329689
37.440586
38.361038
38.751183
39.728420
39.550995
39.892864
39.747696
39.565323
39.257217
38.977043
38.677998
39.056019
38.787880
38.577820
38.302746
38.168900
37.917149

37.965473
37.847076
37.109852
36.838673
36.925850
36.875984
38.365532
38.080185
36.429127
36.191738
35.804195
35.543983
35.352249
34.978649
36.636852
36.437229
35.204124
35.447857
34.601902
34.963722
34.097816
34.362415
35.470882
35.831600
38.509811
38.208954
37.934708
37.577980
37.612488
37.368000
37.160355
36.963341
36.950836
36.780785
36.412933
36.175755
35.941647
35.644512
38.977043
38.797062
36.445335
36.628662
36.064274
36.183746
35.436359
35.497780
36.830391
36.950836
38.870701
38.605091
38.352058
38.160007
38.124493
37.655712
37.147717
37.139294
37.329689
37.126671
36.665546
36.304012
36.368481
36.123913

40.913971
40.812057
40.730888
40.655087
40.660133
40.574543
41.129662
41.124496
40.419392
40.186413
39.878300
39.661098
39.555771
39.097961
40.680325
40.544418
39.427265
39.656300
38.618740
39.130642
38.424015
38.650623
39.810474
40.117531
40.746082
40.725826
40.837486
40.766361
40.484310
40.756218
40.934418
40.827312
40.741016
40.655087
40.349712
40.176556
40.029320
39.863747
41.119339
41.129662
40.424377
40.529377
39.892864
40.201202
39.646702
39.689922
40.817139
40.873146
40.364620
40.389500
40.735950
40.730888
40.675274
40.751152
41.088402
40.959999
40.888447
40.741016
40.579567
40.374569
40.245640
40.176556

23.879900
23.850353
23.937468
23.781116
23.681435
23.596169
24.451906
24.215193
23.025789
22.850767
23.152689
23.051706
22.895472
22.746078
23.300861
23.103716
22.422335
22.542652
22.503948
22.731876
22.271461
22.399343
22.658001
22.771370
24.213404
24.097662
24.346535
24.035795
23.956718
23.824343
23.604668
23.464375
23.419096
23.226538
23.466055
23.382332
23.203512
23.071182
24.726833
24.543480
23.123280
23.167421
23.300861
23.370659
22.933931
22.993475
23.400700
23.496344
24.493946
24.361013
24.598753
24.466513
24.236687
24.147385
23.719147
23.563929
23.501398
23.377327
23.678011
23.492973
23.322420
23.137976

28.893396
28.789316
28.860313
28.733778
29.114172
29.023914
29.390976
29.026485
27.894781
27.760082
28.040390
27.897156
27.854471
27.722504
28.134283
27.954273
27.152802
27.320328
27.299841
27.492239
27.166307
27.297567
27.381968
27.591782
29.207594
29.108999
29.278055
28.608347
29.467627
29.301619
28.476580
28.353378
28.255583
28.105326
28.437038
28.287292
28.306841
28.165722
29.550005
29.483534
27.966204
28.054794
28.143950
28.289736
27.909037
28.086054
28.245840
28.292177
29.427931
29.312103
29.547340
29.414722
29.729631
29.560667
28.683474
28.432104
28.424706
28.292177
28.424706
28.336216
28.663401
28.508787

24.820482
24.751114
25.150049
25.011831
24.969900
24.871347
25.239159
25.027113
23.930475
23.767317
24.373699
24.208038
24.005861
23.935720
24.044615
23.698561
23.256210
23.397358
23.684856
23.918247
23.390676
23.528399
23.399029
23.579189
25.105730
25.013741
25.606001
25.358303
25.299568
25.138474
24.342916
24.247448
24.202673
24.118946
24.698877
24.556355
24.388210
24.222353
25.540140
25.381874
23.968985
24.048143
24.475651
24.530619
24.133156
24.177673
24.172321
24.225935
25.401550
25.278099
25.897415
25.738749
25.590004
25.470657
24.556355
24.361013
24.422747
24.261810
24.890240
24.667269
24.521441
24.424568

25.998096
25.893322
25.791420
25.656122
25.730663
25.664160
26.742838
26.468498
25.013741
24.905373
25.006105
24.863798
24.792313
24.670982
25.295662
25.144260
24.297791
24.481136
24.279787
24.512268
24.081722
24.211615
24.617233
24.797941
26.336601
26.208111
26.195539
26.004286
26.118284
25.938416
25.662151
25.508329
25.346535
25.254721
25.334776
25.231386
25.151979
25.006105
26.956236
26.854614
25.098040
25.151979
25.142330
25.192589
24.844946
24.916737
25.439018
25.514288
26.644983
26.500607
26.526350
26.400257
26.436466
26.212303
26.004286
25.769110
25.560062
25.362228
25.500389
25.282000
25.299568
25.136545

29.304239
29.272825
28.819700
28.663401
28.736298
28.680964
29.441151
29.238869
28.311733
28.129454
27.992483
27.823725
27.706097
27.550026
28.279968
28.127039
27.563931
27.722504
27.231779
27.439289
26.969547
27.098907
27.483017
27.734236
29.689228
29.552670
29.228436
29.026485
29.062529
28.926554
28.635847
28.508787
28.726221
28.538582
28.363195
28.209366
28.095688
27.959044
29.627487
29.568670
28.387768
28.387768
28.124624
28.209366
27.750677
27.878170
28.441975
28.479053
29.862389
29.762035
29.520721
29.375168
29.362007
29.197184
28.771622
28.498869
28.908689
28.786787
28.481529
28.262894
28.284851
28.117384

23.883383
23.848618
23.953217
23.753534
23.708849
23.619982
24.435495
24.211615
23.032263
22.945171
23.155960
23.041981
22.881084
22.750816
23.264465
23.175613
22.459219
22.525606
22.536451
22.739763
22.300259
22.417732
22.628271
22.815763
24.200886
24.067572
24.330265
24.111847
23.981264
23.852089
23.608068
23.450941
23.372326
23.238068
23.455976
23.385670
23.198584
23.097202
24.697016
24.582146
23.067934
23.172337
23.264465
23.367325
22.974129
23.014469
23.410730
23.455976
24.501270
24.350153
24.591370
24.484795
24.281586
24.041086
23.700275
23.541922
23.482872
23.385670
23.693420
23.457657
23.340694
23.175613

28.873028
28.804501
28.845070
28.746382
29.119347
29.036774
29.333096
29.194584
27.878170
27.755379
28.049992
27.868685
27.939972
27.800119
28.122211
28.009232
27.148302
27.297567
27.274845
27.496853
27.184338
27.349970
27.359104
27.603403
29.173790
29.080582
29.272825
29.075422
29.446442
29.335720
28.479053
28.346022
28.270210
28.148785
28.395147
28.277529
28.309288
28.148785
29.606071
29.467627
27.992483
28.074024
28.197229
28.289736
28.023603
28.074024
28.287292
28.336216
29.472927
29.291142
29.555336
29.422646
29.699991
29.582016
28.673433
28.451855
28.449383
28.299507
28.555992
28.353378
28.658388
28.498869

24.792313
24.732433
25.117277
24.992754
24.901588
24.931904
25.219734
25.019470
23.919994
23.775940
24.353771
24.184811
24.060503
23.916502
24.030508
23.921740
23.239716
23.422445
23.681435
23.892090
23.397358
23.482872
23.377327
23.558847
25.146191
25.011831
25.574026
25.360266
25.313248
25.159704
24.348343
24.225935
24.265404
24.111847
24.708189
24.558195
24.386396
24.238480
25.546114
25.334776
23.974247
24.034033
24.486624
24.558195
24.118946
24.209826
24.174105
24.267200
25.403521
25.293709
25.893322
25.720566
25.576023
25.480560
24.545319
24.373699
24.408194
24.260014
24.890240
24.667269
24.499439
24.410011

25.996033
25.944576
25.807671
25.648090
25.761005
25.640062
26.710140
26.447134
25.032850
24.907267
24.954687
24.886459
24.790438
24.637594
25.324987
25.138474
24.315821
24.455557
24.303196
24.504936
24.118946
24.243858
24.589523
24.803574
26.328138
26.195539
26.226990
25.998096
26.093327
25.726624
25.560062
25.368120
25.375978
25.206154
25.354380
25.138474
25.136545
25.006105
27.002884
26.795322
25.069237
25.117277
25.142330
25.225557
24.875124
24.924316
25.435070
25.540140
26.657990
26.477053
26.487753
26.396004
26.438599
26.252203
25.998096
25.748861
25.568041
25.419285
25.466698
25.295662
25.276150
25.144260

29.325220
29.238869
28.796907
28.653376
28.718668
28.668417
29.422646
29.215406
28.306841
28.153622
27.871056
27.802477
27.734236
27.582491
28.284851
28.112560
27.543077
27.724850
27.224991
27.420921
26.980650
27.123583
27.526882
27.750677
29.659666
29.552670
29.223223
29.003363
29.111586
28.924000
28.625841
28.488958
28.726221
28.518711
28.377934
28.214224
28.078835
27.963816
29.667723
29.542013
28.397608
28.437038
28.127039
28.214224
27.790688
27.863945
28.424706
28.484005
29.884176
29.775557
29.499460
29.367270
29.333096
29.225830
28.789316
28.526159
28.883209
28.774149
28.469158
28.260458
28.194803
28.124624

28.890848
28.832380
28.982841
28.834917
29.312103
29.228436
29.470276
29.264982
27.980532
27.774199
28.158461
28.002050
28.124624
27.982920
28.228807
28.081242
27.195618
27.368246
27.420921
27.566248
27.391123
27.522257
27.441587
27.722504
29.225830
29.147839
29.385706
29.186781
29.648932
29.550005
28.583391
28.434572
28.360741
28.168142
28.546041
28.385309
28.506308
28.360741
29.592703
29.499460
28.006838
28.086054
28.326418
28.404993
28.194803
28.267771
28.402531
28.021208
29.523380
29.362007
29.624807
29.528702
29.897810
29.753927
28.716150
28.593369
28.513748
28.348473
28.668417
28.449383
28.873028
28.753948

23.869463
23.772490
23.909523
23.767317
23.625090
23.526709
24.464685
24.267200
22.974129
22.841209
23.100458
22.991861
22.790375
22.639215
23.251259
23.157597
22.355028
22.480791
22.482332
22.668972
22.169001
22.310886
22.637651
22.881084
24.183025
23.995314
24.310410
24.156284
23.872942
23.813953
23.638725
23.459335
23.309147
23.187094
23.314123
23.274380
23.085812
22.988634
24.752983
24.648714
23.059816
23.131441
23.169060
23.226538
22.873098
22.909880
23.324080
23.390676
24.471994
24.234894
24.598753
24.461033
24.243858
24.120722
23.815683
23.552074
23.457657
23.307489
23.652374
23.455976
23.183811
23.071182

25.961020
25.879007
25.876965
25.718546
25.714510
25.618013
26.755939
26.552143
25.006105
24.848715
25.067320
24.918631
24.790438
24.674698
25.336735
25.153912
24.276190
24.462860
24.395473
24.569244
24.140268
24.249241
24.622784
24.831768
26.326023
26.182980
26.292225
26.109961
26.122450
25.954851
25.714510
25.558069
25.342613
25.248882
25.440994
25.299568
25.155842
25.017559
27.054161
26.905329
25.107655
25.173235
25.237215
25.313248
24.890240
24.945189
25.476597
25.556076
26.612524
26.449270
26.651484
26.447134
26.359907
26.212303
26.031141
25.834122
25.524225
25.342613
25.566046
25.370083
25.289804
25.150049

24.773569
24.771696
25.276150
25.115353
24.958488
24.852484
25.305429
25.069237
23.925234
23.419096
24.451906
24.283384
24.078184
23.960222
24.113621
23.995314
23.300861
23.422445
23.772490
23.940966
23.400700
23.546997
23.466055
23.650667
25.169369
25.065401
25.724604
25.494436
25.276150
25.136545
24.451906
24.281586
24.249241
24.163410
24.766079
24.628336
24.419107
24.265404
25.584009
25.435070
24.016417
24.058737
24.565559
24.643152
24.150944
24.202673
24.256422
24.292387
25.474617
25.324987
25.981606
25.864710
25.576023
25.346535
24.611687
24.437319
24.437319
24.292387
24.911055
24.769823
24.512268
24.417288

23.833006
23.755257
23.916502
23.781116
23.631905
23.560541
24.475651
24.281586
22.962858
22.849174
23.121649
22.991861
22.763460
22.648603
23.257860
23.187094
22.348928
22.469999
22.500858
22.620461
22.125591
22.303295
22.609535
22.818941
24.190166
24.014658
24.166973
23.963726
23.944466
23.850353
23.608068
23.464375
23.241365
23.183811
23.440876
23.310806
23.098829
22.991861
24.734299
24.650568
23.016085
23.105345
23.233126
23.289268
22.874695
22.841209
23.427469
23.474461
24.457382
24.308605
24.543480
24.442787
24.202673
24.081722
23.812223
23.643841
23.467735
23.332384
23.671169
23.454298
23.238068
23.118385

29.314726
29.272825
28.880663
28.776674
28.736298
28.678453
29.427931
29.251919
28.387768
28.240973
28.088463
27.939972
27.757730
27.638327
28.385309
28.231239
27.624346
27.776554
27.347689
27.513014
27.038534
27.143805
27.622019
27.861576
29.614098
29.507429
29.291142
29.101244
29.047070
28.939327
28.741339
28.578405
28.789316
28.633345
28.469158
28.319073
28.136700
28.014021
29.670410
29.568670
28.459267
28.531128
28.233673
28.282410
27.866316
27.944738
28.516230
28.588379
29.895082
29.748526
29.547340
29.319971
29.327845
29.204990
28.829844
28.653376
28.926554
28.784258
28.623341
28.414846
28.304398
28.148785

24.732433
24.777315
25.258614
25.082670
24.935698
24.882679
25.282000
25.063484
23.942715
23.819147
24.426388
24.274391
24.085262
23.961975
24.122498
23.991800
23.320761
23.397358
23.744928
23.906033
23.427469
23.563929
23.447584
23.635315
25.194525
25.027113
25.662151
25.474617
25.285902
25.157774
24.457382
24.251036
24.258217
24.120722
24.747375
24.656132
24.413649
24.276190
25.588005
25.450874
24.018177
24.048143
24.545319
24.572927
24.143826
24.231310
24.200886
24.306803
25.474617
25.334776
26.027006
25.862667
25.582012
25.448896
24.600601
24.450083
24.430031
24.279787
25.017559
24.767952
24.526947
24.368261

28.918896
28.824772
28.946997
28.829844
29.304239
29.241478
29.459679
29.254530
27.973366
27.800119
28.153622
28.052393
28.114973
27.978142
28.197229
28.064405
27.202391
27.329441
27.423216
27.645323
27.388834
27.519947
27.448484
27.729542
29.262369
29.121933
29.351486
29.168596
29.627487
29.547340
28.565948
28.456795
28.326418
28.160879
28.546041
28.368107
28.493914
28.377934
29.590031
29.515402
28.011625
28.078835
28.301952
28.422239
28.098097
28.292177
28.382851
28.432104
29.542013
29.375168
29.579346
29.504772
29.919649
29.775557
28.799437
28.588379
28.471630
28.355833
28.683474
28.461739
28.878119
28.711119

25.887186
25.891277
25.830050
25.756956
25.728643
25.660141
26.747204
26.509182
25.004196
24.839296
25.069237
24.918631
24.794189
24.683992
25.326944
25.173235
24.292387
24.448257
24.364637
24.567402
24.138491
24.258217
24.596907
24.822361
26.332369
26.162075
26.326023
26.128698
26.091249
25.948685
25.644075
25.550098
25.385807
25.196463
25.429148
25.299568
25.111504
25.011831
27.025154
26.900911
25.065401
25.130762
25.132689
25.256668
24.867573
24.956589
25.448896
25.544123
26.601721
26.496321
26.597403
26.464222
26.419415
26.235388
26.068417
25.809704
25.530191
25.344574
25.554083
25.317160
25.272251
25.163568

29.319971
29.228436
28.908689
28.764046
28.726221
28.660894
29.441151
29.254530
28.385309
28.236105
28.083647
27.920927
27.743629
27.633665
28.370564
28.219084
27.633665
27.760082
27.356821
27.556976
27.040766
27.177572
27.635996
27.826086
29.614098
29.526041
29.327845
29.127111
29.057373
28.916344
28.733778
28.598360
28.786787
28.625841
28.459267
28.309288
28.151203
27.982920
29.654299
29.558001
28.456795
28.548527
28.233673
28.311733
27.767138
27.951889
28.493914
28.603352
29.851507
29.726934
29.536686
29.430573
29.304239
29.220617
28.847610
28.660894
28.931662
28.776674
28.628342
28.404993
28.294621
28.136700

24.254625
24.191954
23.998829
23.895573
23.935720
23.949715
24.431852
24.199099
23.300861
23.239716
23.256210
23.116755
23.134708
22.987022
23.226538
23.134708
22.738186
22.869905
22.578379
22.766623
22.500858
22.662701
22.620461
22.830070
24.602448
24.361013
24.422747
24.224144
24.341108
24.225935
23.548689
23.487923
23.724298
23.574100
23.521643
23.385670
23.415751
23.314123
24.622784
24.506769
23.462694
23.511517
23.347345
23.466055
23.155960
23.205156
23.430819
23.459335
24.880789
24.726833
24.691433
24.539804
24.620934
24.532455
23.724298
23.498028
23.859035
23.707134
23.727734
23.552074
23.637020
23.518267

29.231043
29.160809
29.054796
28.918896
29.285906
29.228436
29.406803
29.210197
28.221514
28.088463
28.240973
28.093279
28.124624
27.978142
28.189951
28.052393
27.501469
27.645323
27.453083
27.642990
27.391123
27.517635
27.464588
27.703754
29.571339
29.425287
29.472927
29.259756
29.619452
29.520721
28.551016
28.449383
28.613342
28.446915
28.583391
28.461739
28.511269
28.370564
29.670410
29.550005
28.177832
28.397608
28.404993
28.461739
28.204510
28.292177
28.363195
28.444445
29.786383
29.683847
29.726934
29.571339
29.914186
29.791800
28.751427
28.493914
28.789316
28.628342
28.766571
28.501348
28.860313
28.723703

24.251036
24.204462
24.364637
24.243858
24.335686
24.242065
24.704464
24.477478
23.402370
23.262814
23.689995
23.553766
23.484556
23.350674
23.545305
23.455976
22.782452
22.917891
23.056572
23.224892
22.779284
22.929115
22.943565
23.120016
24.512268
24.440964
24.777315
24.565559
24.648714
24.534292
23.853825
23.736328
23.707134
23.602968
24.018177
23.859035
23.827806
23.689995
24.941391
24.844946
23.457657
23.491289
23.796659
23.836473
23.523331
23.619982
23.712280
23.753534
24.769823
24.715643
25.021381
24.941391
24.931904
24.809206
24.034033
23.857300
23.871202
23.696848
24.051674
23.911266
23.890347
23.798388

28.311733
28.105326
27.885286
27.760082
28.078835
28.004444
28.521194
28.469158
27.306667
27.188848
27.078754
26.810669
26.942938
26.808475
27.476103
27.211426
26.595243
26.731930
26.311226
26.560753
26.239590
26.381128
26.731930
26.969547
28.439507
28.479053
28.387768
28.160879
28.459267
28.265333
27.840271
27.682690
27.685028
27.538448
27.409452
27.283930
27.379679
27.188848
28.959787
28.786787
27.372818
27.425510
27.220469
27.288475
27.085468
27.096668
27.629005
27.741280
28.842531
28.761520
28.650869
28.501348
28.738817
28.588379
27.997267
27.774199
27.854471
27.736584
27.594105
27.381968
27.617361
27.453083

28.387768
28.282410
27.769491
27.635996
27.826086
27.861576
28.424706
28.074024
27.313496
27.130320
26.969547
26.808475
26.885462
26.723209
27.197876
27.078754
26.554295
26.721031
26.235388
26.432201
26.168344
26.298555
26.470636
26.694908
28.691008
28.560968
28.226376
28.002050
28.316626
28.172985
27.584814
27.375105
27.687368
27.531507
27.349970
27.179827
27.249897
27.085468
28.653376
28.459267
27.379679
27.448484
27.112362
27.175320
26.965109
27.025154
27.336281
27.430101
28.906139
28.814632
28.471630
28.368107
28.600855
28.469158
27.694387
27.471497
27.959044
27.762434
27.448484
27.240835
27.499161
27.391123

26.867826
26.804090
26.552143
26.434334
26.552143
26.498463
27.110119
26.942938
25.934309
25.795481
25.742792
25.588005
25.562056
25.460762
25.876965
25.761005
25.239159
25.360266
25.040501
25.227501
24.916737
25.032850
25.208094
25.375978
27.243099
27.110119
27.027384
26.775618
26.936293
26.793131
26.245895
26.099562
26.290115
26.145376
26.082941
25.979546
25.952795
25.797512
27.450783
27.293020
26.018740
26.087095
25.856544
25.932257
25.658133
25.714510
26.053907
26.147463
27.485321
27.377392
27.297567
27.175320
27.155050
27.067570
26.421545
26.176706
26.442867
26.264828
26.178797
26.049765
26.162075
25.998096

28.314180
28.248276
28.040390
27.894781
28.214224
28.117384
28.456795
28.272650
27.263500
27.132566
27.184338
27.078754
27.103392
26.951801
27.247631
27.110119
26.582298
26.701435
26.470636
26.690559
26.328138
26.511328
26.498463
26.764683
28.658388
28.511269
28.476580
28.299507
28.583391
28.466684
27.629005
27.473799
27.671001
27.519947
27.603403
27.427807
27.375105
27.329441
28.751427
28.613342
27.411745
27.446184
27.359104
27.432398
27.139307
27.159552
27.414038
27.473799
28.867941
28.756472
28.791845
28.618341
28.885754
28.761520
27.769491
27.570889
27.793045
27.724850
27.729542
27.501469
27.762434
27.480711

25.098040
25.027113
25.186779
25.006105
25.153912
25.023291
25.391708
25.169369
24.247448
24.094118
24.428209
24.294188
24.208038
24.088804
24.224144
24.108299
23.592772
23.719147
23.755257
23.965479
23.545305
23.705418
23.602968
23.788021
25.440994
25.287853
25.590004
25.328901
25.516275
25.330860
24.580301
24.437319
24.556355
24.433674
24.771696
24.620934
24.569244
24.439140
25.618013
25.409430
24.274391
24.323040
24.519606
24.656132
24.251036
24.366449
24.359203
24.450083
25.740770
25.572031
25.866751
25.718546
25.783302
25.646082
24.717508
24.497608
24.715643
24.598753
24.852484
24.713779
24.633890
24.587679

27.356821
27.204649
26.896496
26.771242
27.042997
27.014015
27.668665
27.430101
26.387503
26.241692
26.103720
25.944576
26.024939
25.872877
26.457811
26.247997
25.666170
25.799543
25.332817
25.598000
25.301521
25.450874
25.704424
25.936361
27.570889
27.524569
27.340843
27.137060
27.471497
27.329441
26.777805
26.675350
26.745022
26.567213
26.457811
26.332369
26.396004
26.233288
27.947121
27.682690
26.376881
26.502750
26.252203
26.307001
26.097483
26.170433
26.580143
26.699259
27.930447
27.767138
27.671001
27.469193
27.734236
27.591782
26.936293
26.701435
26.929651
26.760311
26.614685
26.396004
26.666666
26.528498

26.210207
26.132866
25.670193
25.480560
25.752909
25.648090
26.398130
26.182980
25.237215
25.128834
24.894022
24.734299
24.767952
24.574772
25.204216
25.082670
24.572927
24.708189
24.227726
24.395473
24.147385
24.274391
24.486624
24.717508
26.565060
26.440733
26.091249
25.899462
26.109961
25.965136
25.562056
25.409430
25.592003
25.466698
25.208094
25.096117
25.088430
24.937595
26.634153
26.532793
25.274200
25.387774
25.000381
25.084591
24.820482
24.877012
25.330860
25.439018
26.841415
26.707964
26.364149
26.220694
26.357786
26.224890
25.706440
25.500389
25.832085
25.676226
25.381874
25.153912
25.319117
25.171301

24.771696
24.691433
24.596907
24.444611
24.856255
24.704464
24.962292
24.756723
23.855562
23.717428
23.881641
23.720863
23.769041
23.679722
23.748369
23.657497
23.208443
23.314123
23.187094
23.399029
23.147781
23.226538
23.106974
23.357330
25.067320
24.981321
24.990849
24.766079
25.200338
25.059650
24.149164
23.970739
24.166973
24.026983
24.204462
24.042850
24.129602
23.990044
25.217793
25.074993
23.932222
23.976000
23.998829
24.049908
23.852089
23.925234
23.956718
23.981264
25.360266
25.266405
25.313248
25.136545
25.431122
25.313248
24.242065
24.085262
24.362825
24.202673
24.310410
24.090574
24.468340
24.260014

25.879007
25.864710
25.879007
25.767084
26.027006
25.944576
26.366270
26.162075
24.992754
24.875124
25.138474
25.006105
24.988943
24.958488
25.109579
24.988943
24.290586
24.450083
24.471994
24.632038
24.397289
24.526947
24.468340
24.665413
26.210207
26.114122
26.359907
26.145376
26.389627
26.162075
25.472637
25.362228
25.319117
25.204216
25.482542
25.317160
25.391708
25.276150
26.629826
26.483473
25.053904
25.140402
25.270302
25.297615
25.023291
25.215853
25.276150
25.237215
26.502750
26.376881
26.614685
26.453541
26.664497
26.528498
25.668180
25.494436
25.474617
25.356342
25.601999
25.383841
25.588005
25.464718

23.292580
23.295891
23.033882
22.877890
23.030643
22.898672
23.871202
23.705418
22.507040
22.370289
22.307850
22.197535
22.161505
22.052628
22.722418
22.597063
21.862823
21.946287
21.756855
21.894962
21.550806
21.671957
22.077887
22.241228
23.683146
23.592772
23.349010
23.198584
23.322420
23.234774
22.995089
22.941959
22.810999
22.668972
22.606417
22.491592
22.488504
22.333696
24.106525
24.078184
22.550409
22.607975
22.456141
22.525606
22.197535
22.211075
22.868309
22.935535
23.988287
23.839941
23.705418
23.555460
23.599567
23.498028
23.239716
23.033882
22.932325
22.855549
22.772951
22.600180
22.668972
22.545755

27.894781
27.807196
27.776554
27.692047
27.802477
27.715469
28.064405
27.909037
26.854614
26.721031
27.005110
26.898703
26.769054
26.619009
26.775618
26.666666
26.112041
26.317564
26.266933
26.492037
26.022871
26.233288
26.187166
26.423676
28.223946
28.064405
28.129454
28.066809
28.148785
28.028399
27.234043
27.110119
27.261230
27.069805
27.388834
27.265768
27.184338
27.067570
28.338667
28.233673
26.989540
27.065334
27.191105
27.256697
26.878845
27.027384
27.072042
27.116848
28.390226
28.331316
28.484005
28.370564
28.419775
28.216654
27.436993
27.220469
27.430101
27.315771
27.545393
27.347689
27.343124
27.220469

23.935720
23.829540
23.720863
23.592772
23.722580
23.635315
24.215193
24.030508
23.053328
22.962858
22.998316
22.858738
22.884279
22.730299
23.089064
22.991861
22.426939
22.516319
22.358078
22.553514
22.254822
22.385572
22.449986
22.676817
24.249241
24.145605
24.143826
23.939217
24.032270
23.935720
23.425793
23.287613
23.373993
23.226538
23.290924
23.203512
23.196941
23.066311
24.508602
24.388210
23.103716
23.177254
23.121649
23.190374
22.908278
22.982185
23.239716
23.277687
24.548996
24.377325
24.382767
24.314016
24.295988
24.218773
23.555460
23.400700
23.467735
23.410730
23.447584
23.269423
23.324080
23.213375

26.920801
26.823837
26.279573
26.176706
26.445000
26.379005
26.876640
26.651484
25.777218
25.692331
25.528202
25.372047
25.444944
25.272251
25.730663
25.616011
25.146191
25.287853
24.829885
25.017559
24.719372
24.865685
25.023291
25.272251
27.268038
27.103392
26.716673
26.474913
26.808475
26.699259
26.128698
25.954851
26.189259
26.072565
25.893322
25.740770
25.783302
25.588005
27.159552
27.029613
25.909702
26.016674
25.644075
25.765057
25.480560
25.534170
25.899462
25.942522
27.526882
27.407160
27.007336
26.856815
27.074280
26.954018
26.187166
25.940468
26.477053
26.340836
25.989847
25.803606
26.000158
25.850426

27.143805
27.092186
27.245365
27.101151
27.134813
27.067570
27.496853
27.318048
26.182980
26.029074
26.389627
26.243793
26.185072
26.043554
26.302778
26.151636
25.474617
25.508329
25.658133
25.881052
25.468678
25.598000
25.450874
25.789391
27.524569
27.393412
27.694387
27.471497
27.524569
27.379679
26.688385
26.472775
26.562906
26.410896
26.801897
26.612524
26.462086
26.415155
27.776554
27.654654
26.239590
26.319679
26.552143
26.634153
26.279573
26.315451
26.421545
26.517763
27.778908
27.654654
27.947121
27.804836
27.809557
27.666328
26.828230
26.603880
26.723209
26.541389
26.945152
26.727570
26.699259
26.534943

24.204462
24.118946
24.202673
24.028746
24.426388
24.382767
24.534292
24.281586
23.324080
23.203512
23.482872
23.382332
23.449263
23.317442
23.404043
23.137976
22.698809
22.844395
22.810999
23.033882
22.801476
22.916288
22.654867
22.838026
24.526947
24.397289
24.613535
24.442787
24.741770
24.624634
23.700275
23.565624
23.666040
23.503084
23.770765
23.688282
23.750092
23.635315
24.766079
24.659843
23.384001
23.429144
23.616577
23.688282
23.496344
23.601267
23.499714
23.596169
24.850599
24.691433
24.865685
24.745506
25.025202
24.899696
23.874681
23.693420
23.810493
23.695133
23.954967
23.715712
23.970739
23.895573

26.916380
26.839216
26.631990
26.485613
26.830427
26.766869
27.297567
27.022926
25.977486
25.834122
25.852465
25.696362
25.773163
25.648090
26.093327
25.919949
25.266405
25.431122
25.146191
25.364193
25.094194
25.237215
25.401550
25.616011
27.268038
27.137060
27.042997
26.845814
27.188848
27.022926
26.472775
26.326023
26.342953
26.176706
26.231188
26.047695
26.168344
25.973368
27.582491
27.446184
26.074640
26.139120
25.985725
26.066343
25.872877
25.942522
26.252203
26.311226
27.563931
27.432398
27.345406
27.168560
27.464588
27.372818
26.619009
26.381128
26.483473
26.332369
26.328138
25.993971
26.372635
26.258514

42.194180
42.188747
41.415573
41.420807
41.700180
41.753311
42.188747
42.091202
40.639961
40.449326
40.344742
40.225876
40.092991
40.000000
40.609741
40.414406
39.670704
39.926891
39.318455
39.723602
39.224323
39.413036
39.205551
39.849205
42.794827
42.600105
42.308586
42.058784
42.418121
42.390686
40.985615
40.746082
41.072952
40.965122
40.786655
40.903759
40.720764
40.700535
42.688900
42.561371
40.690426
40.786655
40.554455
40.695480
40.280270
40.549438
40.474308
40.893547
43.218147
43.115791
42.594566
42.611183
42.867607
42.666668
41.243549
41.021534
41.620728
41.441761
41.217609
40.806973
41.259129
41.057510

171.201675
188.105621
190.622452
190.179916
196.098145
195.863724
190.069611
187.352768
178.572205
177.604340
184.296967
183.266220
183.986526
183.883270
177.508133
176.456650
172.191284
173.651291
177.412018
179.747665
178.183792
179.649124
170.755600
172.918213
191.513733
190.069611
195.629852
193.435654
200.538559
197.635712
180.242020
179.158005
182.044449
180.440521
188.430130
187.352768
188.430130
186.712250
193.778824
191.625732
179.354126
179.649124
186.605927
187.245712
184.816696
186.076096
178.864624
179.747665
195.280090
193.778824
199.683121
197.635712
204.289276
202.271606
183.266220
178.669571
183.986526
182.246948
188.430130
185.129944
191.513733
190.400925

171.560211
187.459961
190.844498
189.519958
196.333130
195.629852
189.739426
188.430130
178.377792
176.742172
184.296967
182.449890
185.339371
184.089890
177.700653
176.456650
171.650085
172.644882
177.700653
180.142929
177.893600
178.767044
170.577820
172.735901
191.401871
190.955704
196.568680
193.549911
200.661362
197.993958
180.838852
179.354126
182.348358
180.341217
188.755768
186.712250
188.647095
187.459961
193.778824
190.733414
178.962311
180.242020
185.549271
187.245712
185.759644
186.712250
178.572205
179.846329
195.047623
192.979980
198.834946
196.923080
202.396545
202.022202
182.348358
180.440521
183.883270
182.959244
188.755768
186.393631
191.401871
190.400925

