25.732685
25.560062
25.781275
25.670193
26.014608
25.905605
24.794189
24.617233
25.044329
24.926214
24.831768
24.730566
24.206249
24.435495
24.357393
24.576614
24.163410
24.294188
26.141205
25.952795
26.277466
26.039415
25.179037
25.050072
25.221674
25.088430
25.446920
25.291758
26.296446
26.120367
25.019470
25.074993
25.109579
25.274200
24.916737
24.841179
26.309113
26.252203
26.528498
26.402386
25.287853
25.180973
25.456806
25.243048
25.546114
25.319117

26.498463
26.434334
26.222792
26.174614
27.343124
27.195618
25.702408
25.630035
25.576023
25.466698
25.848387
25.832085
25.103807
25.200338
24.790438
24.990849
25.128834
25.397614
26.918591
26.834822
26.760311
26.547840
26.353546
26.176706
26.076715
26.020805
25.858585
25.811737
27.640657
27.487627
25.930204
26.047695
25.744814
25.823942
26.066343
26.120367
27.308943
27.188848
27.098907
26.771242
26.530645
26.423676
26.189259
26.122450
26.037346
25.830050

24.225935
24.140268
23.932222
23.838207
24.521441
24.393658
23.541922
23.370659
23.256210
23.157597
23.387339
23.238068
22.849174
23.056572
22.659567
22.863522
22.744499
22.900272
24.669127
24.433674
24.375511
24.048143
23.717428
23.572405
23.834740
23.715712
23.575796
23.472780
24.717508
24.676558
23.531776
23.616577
23.454298
23.447584
23.414076
23.424118
24.954687
24.726833
24.661699
24.504936
23.696848
23.536848
23.968985
23.805304
23.700275
23.392347

28.954670
28.832380
28.867941
28.756472
29.197184
29.078001
28.124624
28.011625
28.057198
27.880541
27.994873
27.755379
27.432398
27.638327
27.179827
27.411745
27.240835
27.409452
29.362007
29.163403
29.480883
29.238869
28.360741
28.093279
28.503828
28.395147
28.437038
28.275089
29.393614
29.262369
28.328867
28.390226
28.062002
28.143950
28.059599
28.127039
29.584688
29.491495
29.699991
29.595375
28.319073
28.272650
28.696033
28.493914
28.769096
28.528643

28.214224
28.100506
28.437038
28.294621
28.390226
28.294621
27.243099
27.121338
27.397993
27.236307
27.315771
27.159552
26.552143
26.885462
26.679693
26.889874
26.496321
26.736292
28.620840
28.412382
28.814632
28.648365
27.708439
27.547709
27.654654
27.506086
27.802477
27.654654
28.675943
28.633345
27.522257
27.506086
27.526882
27.668665
27.402576
27.485321
28.875572
28.603352
29.008499
28.847610
27.788332
27.654654
27.932827
27.561611
28.136700
27.918549

24.790438
24.704464
25.008013
24.860025
25.173235
25.017559
24.042850
23.911266
24.218773
24.101206
23.925234
23.796659
23.427469
23.575796
23.596169
23.813953
23.274380
23.427469
25.088430
24.964193
25.440994
25.223616
24.190166
24.165192
24.357393
24.213404
24.596907
24.462860
25.496420
25.311293
24.165192
24.231310
24.402740
24.481136
24.012897
24.071108
25.413370
25.366156
25.716528
25.590004
24.453732
24.231310
24.600601
24.265404
24.650568
24.521441

29.772852
29.627487
29.108999
28.977715
29.737726
29.627487
28.893396
28.774149
28.326418
28.304398
28.558479
28.424706
28.066809
28.404993
27.540764
27.916170
27.814278
27.849737
30.156452
29.810772
29.488840
29.293760
28.936771
28.812099
29.270210
29.137470
28.819700
28.680964
30.001831
29.835199
29.059950
29.103828
28.466684
28.523678
28.668417
28.756472
30.394213
30.265078
29.889629
29.756630
29.044497
28.865398
29.504772
29.173790
28.804501
28.615841

24.234894
23.963726
23.956718
23.864248
24.499439
24.094118
23.435846
23.392347
23.304174
23.228184
23.476143
23.362328
22.868309
23.082558
22.809412
22.977350
22.839619
22.974129
24.667269
24.471994
24.346535
24.197311
23.788021
23.580887
23.831272
23.710564
23.760424
23.633610
24.912947
24.661699
23.553766
23.647255
23.442553
23.528399
23.541922
23.652374
24.985132
24.717508
24.794189
24.626484
23.775940
23.763870
23.926981
23.819147
23.703703
23.499714

27.666328
27.478407
27.577848
27.443886
28.456795
28.316626
26.808475
26.502750
26.710140
26.575830
26.927439
26.766869
26.089172
26.231188
25.942522
26.302778
26.264828
26.445000
27.937590
27.859207
27.968590
27.811916
27.306667
27.141556
27.170813
27.036304
27.213686
27.105633
28.565948
28.459267
26.956236
26.887667
26.854614
26.978430
27.072042
27.164055
28.331316
28.095688
28.192377
28.143950
27.710783
27.533821
27.247631
27.143805
27.141556
26.949585

26.000158
25.930204
25.840233
25.580015
26.612524
26.323908
25.180973
25.169369
25.080750
24.922422
25.379910
25.080750
24.462860
24.790438
24.359203
24.536129
24.526947
24.721237
26.489895
26.298555
26.147463
25.934309
25.582012
25.558069
25.626026
25.411400
25.295662
25.184843
26.758125
26.590927
25.323029
25.421257
25.194525
25.264456
25.282000
25.387774
26.627661
26.571522
26.569366
26.427938
25.832085
25.435070
25.825977
25.484524
25.450874
25.215853

24.738033
24.617233
24.985132
24.828005
25.229443
25.084591
24.062271
23.932222
24.413649
24.224144
23.942715
23.800116
23.474461
23.623386
23.606369
23.810493
23.300861
23.435846
25.283951
25.046244
25.399582
25.289804
24.267200
24.147385
24.397289
24.265404
24.708189
24.561876
25.500389
25.372047
24.060503
24.129602
24.497608
24.543480
23.897316
24.002344
25.574026
25.311293
25.832085
25.534170
24.455557
24.312212
24.593216
24.384581
24.811085
24.606142

28.924000
28.829844
29.171192
29.036774
29.225830
29.088327
28.112560
27.985310
28.187527
28.035591
28.014021
27.837906
27.402576
27.492239
27.407160
27.645323
27.137060
27.407160
29.197184
28.934216
29.362007
29.333096
28.368107
28.211796
28.474106
28.211796
28.575914
28.427172
29.499460
29.356747
28.282410
28.375477
28.343569
28.284851
28.069214
28.105326
29.510086
29.422646
29.772852
29.683847
28.409918
28.279968
28.685984
28.456795
28.875572
28.598360

23.960222
23.885122
23.659206
23.596169
24.236687
24.120722
23.256210
23.080933
23.098829
22.988634
23.134708
22.995089
22.576822
22.753975
22.496223
22.694092
22.483875
22.542652
24.355581
24.175890
24.136711
23.935720
23.362328
23.216663
23.560541
23.422445
23.339031
23.282648
24.510435
24.413649
23.377327
23.432495
23.251259
23.325741
23.182173
23.241365
24.648714
24.503103
24.437319
24.290586
23.414076
23.276033
23.701988
23.481190
23.523331
23.329062

24.890240
24.704464
25.074993
24.924316
25.229443
25.061567
24.009378
23.925234
24.382767
24.231310
23.946215
23.798388
23.425793
23.594471
23.722580
23.859035
23.239716
23.404043
25.262508
25.008013
25.504358
25.323029
24.303196
24.190166
24.406376
24.261810
24.721237
24.591370
25.506344
25.321072
24.193739
24.258217
24.492115
24.532455
23.997070
24.083492
25.518261
25.311293
25.662151
25.601999
24.442787
24.312212
24.591370
24.359203
24.762337
24.448257

28.962347
28.842531
29.108999
29.021345
29.207594
29.085745
28.124624
27.994873
28.172985
28.021208
28.011625
27.847370
27.381968
27.610380
27.439289
27.519947
27.263500
27.402576
29.354116
29.150431
29.515402
29.191982
28.395147
28.211796
28.486483
28.267771
28.578405
28.437038
29.390976
29.359377
28.287292
28.341118
28.314180
28.432104
28.078835
28.088463
29.478230
29.254530
29.775557
29.662352
28.321522
28.114973
28.685984
28.446915
28.832380
28.593369

23.961975
23.857300
23.744928
23.618279
24.254625
24.095890
23.120016
23.133074
23.120016
23.004774
23.147781
23.006390
22.579933
22.814175
22.486961
22.698809
22.453062
22.507040
24.424568
24.175890
24.161629
23.949715
23.472780
23.292580
23.492973
23.322420
23.319101
23.305832
24.451906
24.263607
23.325741
23.368992
23.206799
23.297546
23.201870
23.165783
24.630186
24.397289
24.391842
24.234894
23.511517
23.330723
23.695133
23.492973
23.486238
23.195299

29.140062
29.176386
28.812099
28.678453
29.264982
29.137470
28.265333
28.093279
27.904284
27.856840
28.090870
27.885286
27.550026
27.878170
27.220469
27.508394
27.331720
27.464588
29.457029
29.327845
29.062529
29.029057
28.446915
28.287292
28.776674
28.493914
28.407455
28.255583
29.536686
29.241478
28.523678
28.516230
28.148785
28.245840
28.030796
28.211796
29.892355
29.702682
29.435860
29.288523
28.373020
28.360741
29.044497
28.799437
28.501348
28.284851

26.051836
25.924051
25.821907
25.646082
26.554295
26.474913
25.264456
25.148119
25.055819
24.911055
25.324987
25.194525
24.560036
24.760466
24.373699
24.556355
24.633890
24.743639
26.459948
26.302778
26.250101
26.045624
25.710474
25.546114
25.628031
25.534170
25.370083
25.280050
26.839216
26.688385
25.391708
25.506344
25.188715
25.278099
25.409430
25.450874
26.671007
26.664497
26.522057
26.309113
25.797512
25.658133
25.686291
25.560062
25.540140
25.217793

29.298998
29.140062
28.794376
28.683474
29.278055
29.108999
28.301952
28.250711
28.028399
27.878170
28.069214
27.930447
27.668665
27.873426
27.281658
27.377392
27.327162
27.443886
29.622129
29.494150
29.186781
29.013636
28.444445
28.289736
28.784258
28.635847
28.422239
28.262894
29.478230
29.404163
28.568439
28.456795
28.165722
28.260458
28.143950
28.168142
29.886902
29.716152
29.425287
29.158213
28.503828
28.238539
29.029057
28.817167
28.536097
28.277529

23.930475
23.822611
24.161629
23.953217
24.490284
24.371885
23.142878
23.105345
23.472780
23.215019
23.380663
23.226538
22.661135
22.551962
22.796717
23.017702
22.639215
22.738186
24.306803
24.190166
24.576614
24.402740
23.587677
23.508142
23.472780
23.409058
23.833006
23.633610
24.743639
24.626484
23.375660
23.461016
23.579189
23.693420
23.440876
23.471098
24.572927
24.545319
24.850599
24.615385
23.659206
23.642136
23.611471
23.548689
23.857300
23.695133

27.701412
27.519947
27.594105
27.432398
28.424706
28.301952
26.832624
26.701435
26.804090
26.731930
27.085468
26.918591
25.996033
26.315451
26.137033
26.302778
26.193445
26.492037
28.078835
27.816639
28.059599
27.837906
27.455383
27.170813
27.193361
27.092186
27.227253
27.038534
28.701059
28.548527
26.978430
27.085468
26.998434
27.096668
27.128073
27.083231
28.382851
28.267771
28.360741
28.151203
27.654654
27.492239
27.397993
27.150551
27.320328
27.080992

25.626026
25.566046
25.672203
25.490471
26.387503
26.290115
24.967999
24.769823
24.964193
24.756723
25.013741
25.023291
24.260014
24.353771
24.222353
24.455557
24.444611
24.596907
26.068417
25.936361
26.105801
25.891277
25.482542
25.340654
25.272251
25.175169
25.161636
25.030937
26.714495
26.449270
25.067320
25.038588
24.931904
25.036674
25.188715
25.264456
26.430069
26.311226
26.408768
26.226990
25.642069
25.546114
25.427176
25.250828
25.374012
25.173235

27.762434
27.598753
27.963816
27.741280
28.373020
28.102917
26.925226
26.747204
27.058630
26.896496
26.920801
26.793131
26.082941
26.442867
26.319679
26.498463
26.283789
26.457811
28.180254
27.949505
28.531128
28.350925
27.409452
27.252163
27.256697
27.130320
27.464588
27.336281
28.600855
28.380392
26.969547
27.119093
27.193361
27.293020
27.123583
27.229517
28.299507
28.141533
28.814632
28.688496
27.568567
27.420921
27.462286
27.245365
27.826086
27.524569

27.717813
27.563931
28.023603
27.835543
28.328867
28.185102
26.852413
26.745022
27.096668
26.863420
27.011787
26.905329
26.178797
26.362028
26.340836
26.524202
26.296446
26.438599
28.170565
27.918549
28.488958
28.223946
27.407160
27.258963
27.290747
27.098907
27.427807
27.306667
28.479053
28.454325
27.056395
27.139307
27.184338
27.249897
27.112362
27.150551
28.427172
28.301952
28.779203
28.508787
27.501469
27.368246
27.427807
27.157301
27.699070
27.448484

28.028399
27.863945
27.963816
27.811916
28.439507
28.272650
27.092186
26.976208
27.148302
27.000660
27.092186
26.993986
26.408768
26.580143
26.430069
26.629826
26.300667
26.569366
28.449383
28.223946
28.419775
28.170565
27.489933
27.338562
27.354538
27.363674
27.522257
27.386543
28.638350
28.553503
27.245365
27.270306
27.329441
27.381968
27.177572
27.146053
28.645861
28.506308
28.693520
28.518711
27.696730
27.485321
27.727196
27.487627
27.652321
27.423216

27.265768
27.083231
26.614685
26.430069
27.393412
27.188848
26.459948
26.266933
25.773163
25.650099
26.201822
26.033209
25.674215
25.874922
25.073074
25.287853
25.442968
25.660141
27.649988
27.459986
27.060863
26.821642
26.541389
26.292225
26.801897
26.664497
26.185072
26.093327
27.663994
27.522257
26.582298
26.673180
25.950741
26.070492
26.273252
26.376881
27.923306
27.778908
27.359104
27.188848
26.640650
26.500607
26.958454
26.736292
26.309113
26.109961

25.895369
25.917900
26.058052
25.870836
26.773430
26.526350
25.211971
24.992754
25.151979
25.146191
25.393677
25.293709
24.536129
24.682133
24.550835
24.786686
24.715643
24.854368
26.453541
26.243793
26.500607
26.145376
25.767084
25.606001
25.546114
25.415342
25.638056
25.522238
27.060863
26.927439
25.368120
25.413370
25.415342
25.500389
25.502375
25.608002
26.760311
26.619009
26.790941
26.631990
26.014608
25.850426
25.728643
25.536160
25.765057
25.546114

27.916170
27.795403
27.687368
27.510704
28.523678
28.432104
27.121338
26.945152
26.823837
26.766869
27.195618
27.051928
26.364149
26.543539
26.000158
26.271145
26.466360
26.636320
28.370564
28.160879
28.146366
27.930447
27.594105
27.436993
27.450783
27.209167
27.224991
27.116848
28.801970
28.683474
27.247631
27.184338
27.067570
27.101151
27.272575
27.202391
28.678453
28.488958
28.454325
28.292177
27.760082
27.608055
27.647654
27.393412
27.356821
27.051928

29.827053
29.697300
29.478230
29.288523
30.281858
30.184231
28.993099
28.913792
28.738817
28.590874
29.072842
28.809566
28.197229
28.419775
27.845003
28.223946
28.348473
28.368107
30.217632
29.999084
29.848789
29.673096
29.472927
29.317348
29.414722
29.244087
29.165998
28.972591
30.479025
30.245523
29.197184
29.251919
28.908689
28.982841
29.155619
29.218012
30.307066
30.329508
30.109344
29.977129
29.576677
29.464975
29.552670
29.233652
29.070263
28.982841

23.831272
23.698561
23.481190
23.476143
24.477478
24.330265
23.175613
22.998316
22.991861
22.860332
23.210087
23.043600
22.503948
22.698809
22.348928
22.485418
22.550409
22.703527
24.238480
24.012897
24.034033
23.852089
23.496344
23.445908
23.450941
23.320761
23.299204
23.188734
24.726833
24.532455
23.282648
23.357330
23.059816
23.172337
23.289268
23.342356
24.440964
24.406376
24.267200
24.133156
23.774214
23.613173
23.599567
23.409058
23.251259
23.120016

28.809566
28.620840
28.898493
28.753948
29.390976
29.283289
28.002050
27.863945
28.093279
27.944738
28.069214
27.935209
27.256697
27.483017
27.331720
27.582491
27.343124
27.455383
29.093493
28.975153
29.264982
29.116758
28.454325
28.333765
28.348473
28.192377
28.476580
28.331316
29.627487
29.526041
28.143950
28.223946
28.238539
28.343569
28.117384
28.197229
29.251919
29.197184
29.504772
29.446442
28.618341
28.454325
28.491436
28.279968
28.608347
28.437038

23.983021
23.819147
24.067572
23.958471
24.523275
24.362825
23.241365
22.990248
23.315783
23.193659
23.310806
23.151052
22.586159
22.806236
22.750816
22.873098
22.679956
22.768204
24.355581
24.166973
24.457382
24.295988
23.618279
23.514891
23.526709
23.410730
23.688282
23.511517
24.788563
24.661699
23.387339
23.415751
23.449263
23.546997
23.358995
23.342356
24.593216
24.479307
24.639446
24.596907
23.750092
23.642136
23.689995
23.498028
23.808764
23.572405

27.402576
27.112362
27.400284
27.299841
28.009232
27.873426
26.462086
26.455675
26.634153
26.571522
26.692734
26.541389
25.838196
26.055979
25.934309
26.159986
25.934309
26.072565
27.776554
27.605728
27.710783
27.610380
27.038534
26.918591
26.914169
26.793131
27.083231
26.956236
28.282410
28.139116
26.601721
26.762495
26.841415
26.909748
26.764683
26.848013
27.911413
27.795403
28.102917
27.978142
27.098907
26.947369
26.998434
26.852413
27.146053
26.907537

29.278055
29.176386
29.327845
29.176386
29.936050
29.799927
28.498869
28.370564
28.555992
28.216654
28.650869
28.488958
27.790688
28.018812
27.776554
28.037991
27.897156
28.064405
29.640886
29.502115
29.683847
29.515402
29.016205
28.857773
28.839993
28.756472
28.921448
28.796907
30.178671
30.034830
28.197229
28.736298
28.711119
28.801970
28.731258
28.809566
29.884176
29.748526
29.955206
29.813484
29.186781
29.036774
29.034203
28.812099
29.078001
28.751427

23.499714
23.226538
23.763870
23.623386
24.074646
23.843410
22.791960
22.717693
23.108604
22.833252
22.858738
22.758717
22.178003
22.289640
22.474623
22.626709
22.250288
22.374872
23.921740
23.708849
24.032270
23.984776
23.106974
22.961250
23.147781
22.978962
23.422445
23.280994
24.395473
24.234894
22.825300
22.990248
23.208443
23.261164
22.956425
23.037121
24.200886
24.049908
24.433674
24.290586
23.405714
23.236420
23.241365
23.064686
23.472780
23.307489

27.322605
27.009562
26.766869
26.657990
27.631334
27.443886
26.500607
26.342953
26.055979
25.899462
26.381128
26.182980
25.803606
26.000158
25.315205
25.540140
25.606001
25.754932
27.671001
27.476103
27.148302
27.007336
26.707964
26.451405
26.881050
26.760311
26.402386
26.239590
27.866316
27.755379
26.679693
26.766869
26.178797
26.269039
26.425806
26.489895
27.947121
27.802477
27.436993
27.204649
26.819447
26.664497
26.870029
26.810669
26.487753
26.281681

25.787361
25.648090
25.558069
25.374012
26.400257
26.243793
24.996567
24.860025
24.841179
24.661699
25.144260
24.975609
24.321236
24.510435
24.136711
24.335686
24.415468
24.565559
26.197634
25.989847
25.864710
25.598000
25.470657
25.313248
25.344574
25.088430
25.190653
25.006105
26.688385
26.530645
25.151979
25.221674
24.967999
24.992754
25.200338
25.274200
26.470636
26.359907
26.224890
26.122450
25.642069
25.508329
25.405489
25.317160
25.274200
25.055819

29.422646
29.283289
28.623341
28.670925
29.398888
29.338346
28.660894
28.521194
28.054794
27.897156
28.333765
28.168142
27.918549
28.016417
27.290747
27.506086
27.575527
27.738932
29.608747
29.590031
29.005930
28.977715
28.590874
28.459267
29.003363
28.743860
28.429638
28.282410
29.737726
29.520721
28.655882
28.852690
28.168142
28.277529
28.409918
28.469158
29.963423
29.878727
29.388340
29.259756
28.769096
28.630844
29.171192
28.972591
28.491436
28.272650

35.567135
35.310345
34.997330
34.818829
35.737812
35.536278
34.172489
33.984650
33.739704
33.501686
33.508537
33.321133
33.062256
33.436733
32.696068
32.998993
32.331524
32.566090
36.191738
35.878681
35.737812
35.295132
34.058830
33.949440
34.756046
34.554466
34.366020
34.058830
36.159786
35.906200
34.452740
34.532616
33.893257
34.058830
33.653076
33.812817
36.640949
36.376553
36.203735
35.965317
34.470860
34.208164
34.993591
34.719219
34.496262
34.204594

40.903759
40.857857
40.908863
41.016399
41.026669
41.098709
40.710648
40.196270
40.374569
39.878300
40.127357
39.990238
39.685116
40.058681
39.233715
39.646702
39.079308
39.266628
40.295132
40.700535
40.670223
40.806973
40.680325
40.459316
41.006130
40.934418
40.776505
40.670223
40.776505
40.924191
40.746082
40.847668
40.579567
40.634922
40.255527
40.389500
40.280270
40.275318
40.624844
40.781582
40.806973
40.665176
40.868046
40.939529
40.929302
40.873146

36.119930
35.977161
36.793175
36.632755
36.984200
36.735428
35.008549
34.785564
35.226833
35.001068
34.800339
34.492630
33.977604
34.265396
34.080082
34.423782
33.604759
33.798866
36.838673
36.546955
37.453423
37.168785
35.230621
35.072247
35.444023
35.333191
35.749508
35.574856
37.423481
37.198318
35.257156
35.298935
35.413380
35.543983
34.892982
34.959991
37.295696
37.051109
37.847076
37.655712
35.679443
35.455528
35.772926
35.574856
36.412933
36.135864

38.532455
38.266964
37.882080
37.812138
38.926109
38.614189
37.449142
37.219444
36.453442
36.159786
37.055298
36.793175
36.308033
36.636852
35.234409
35.621262
35.921947
36.219742
38.995598
38.742020
38.609638
38.361038
37.590916
37.410664
37.947887
37.642735
37.109852
36.797306
39.379883
39.088631
37.686028
37.651386
36.702511
36.888439
37.156139
37.308437
39.318455
39.097961
39.042057
38.820045
37.785976
37.608173
38.031570
37.812138
37.573673
37.253296

40.746082
40.751152
40.429363
40.975365
41.222794
41.316353
40.857857
40.665176
40.132271
39.922028
40.464314
40.305042
39.990238
40.310001
38.977043
39.290169
39.413036
39.646702
40.549438
40.519352
40.514343
40.604710
40.756218
40.675274
40.954880
40.954880
40.579567
40.404438
41.160660
41.171001
40.985615
40.970242
40.275318
40.053783
40.559475
40.639961
40.564495
40.549438
40.290176
40.359650
41.016399
40.888447
40.847668
40.949764
40.832397
40.720764

35.532421
35.276134
34.919010
34.756046
35.749508
35.513168
34.201023
33.956478
33.805840
33.529110
33.487991
33.307583
33.115715
33.375431
32.692806
33.119061
32.411472
32.575802
36.107990
35.714443
35.648392
35.405727
34.208164
33.991703
34.770798
34.550823
34.226028
33.959995
36.123913
35.953480
34.445496
34.667793
33.903778
34.062370
33.691135
33.865234
36.616383
36.308033
36.199734
35.941647
34.496262
34.176052
35.136177
34.781872
34.627495
34.265396

40.685375
40.806973
40.919083
40.985615
41.150322
41.057510
40.655087
40.444336
40.359650
40.191341
40.161785
39.980476
39.709160
40.048889
39.294880
39.665901
39.042057
39.271332
40.245640
40.414406
40.822224
40.913971
40.639961
40.389500
40.965122
40.878242
40.766361
40.584591
40.919083
41.021534
40.822224
40.888447
40.529377
40.660133
40.295132
40.444336
40.166706
40.166706
40.449326
40.685375
40.913971
40.746082
41.031807
40.949764
40.929302
40.852760

36.135864
35.981113
36.859394
36.669651
36.950836
36.714848
34.986118
34.781872
35.215477
35.016029
34.726578
34.572693
33.865234
34.211735
34.097816
34.380444
33.573769
33.896763
36.851101
36.502171
37.496281
37.173000
35.260948
35.053486
35.467041
35.230621
35.800285
35.590313
37.406391
37.147717
35.253361
35.295132
35.474720
35.536278
34.715542
34.907852
37.287209
37.017624
37.803413
37.673027
35.691101
35.394253
35.796371
35.455528
36.457500
35.965317

38.500763
38.249096
37.978676
37.759853
38.600540
38.677998
37.470554
37.181435
36.429127
36.271862
37.088852
36.851101
36.291946
36.591846
35.215477
35.586445
35.843361
36.195736
38.958508
38.769524
38.564198
38.302746
37.686028
37.440586
37.969872
37.764206
37.114056
36.526585
39.280746
39.121300
37.677361
37.707710
36.498108
36.867687
37.139294
37.333942
39.327892
39.149342
38.949245
38.833847
37.899609
37.716389
38.146683
37.820869
37.586601
37.177219

40.852760
40.827312
40.924191
40.949764
41.295525
41.217609
40.852760
40.690426
40.127357
39.907440
40.409420
40.295132
39.926891
40.275318
38.926109
39.318455
39.413036
39.665901
40.409420
40.559475
40.464314
40.756218
40.791733
40.695480
40.730888
40.959999
40.564495
40.394478
41.155487
41.155487
40.975365
41.021534
40.300087
40.394478
40.559475
40.629883
40.499321
40.579567
40.235756
40.414406
40.985615
40.934418
40.939529
40.944645
40.862949
40.660133

41.098709
41.026669
40.862949
40.852760
40.509335
40.710648
40.655087
40.504326
40.078278
39.858898
40.295132
40.181484
39.713974
40.063576
39.000237
39.313736
39.247814
39.555771
40.954880
40.990742
40.389500
40.756218
40.695480
40.599678
41.000999
40.944645
40.514343
40.379543
40.280270
40.389500
40.847668
40.584591
39.931759
40.399456
40.092991
40.434353
40.929302
40.832397
40.690426
40.639961
40.944645
40.852760
41.139988
40.944645
40.705589
40.609741

34.930180
34.741306
34.678802
34.441875
36.080158
35.815937
33.837257
33.511967
33.273762
33.095646
33.963516
33.746655
32.784393
33.035587
32.286926
32.696068
32.866600
33.152569
35.648392
35.253361
35.359879
35.053486
34.525341
34.312042
34.326420
34.097816
33.844246
33.687672
36.612289
36.271862
33.802353
34.183186
33.331299
33.632351
33.805840
33.967037
36.147820
35.933765
35.784645
35.598045
34.829933
34.485371
34.576344
34.151119
34.172489
33.875736

38.240170
38.102325
37.764206
37.565060
38.939987
38.783287
37.118259
36.797306
36.048405
35.831600
36.287930
36.636852
35.800285
36.219742
34.767109
35.173893
35.687214
35.941647
38.824646
38.577820
38.374516
38.151123
37.526340
37.266006
37.712051
37.547840
36.632755
36.408890
39.238415
39.051365
37.312687
37.461987
36.308033
36.421028
37.034359
37.194099
39.214935
39.023460
38.815445
38.646069
37.899609
37.634087
37.851448
37.543537
37.329689
36.963341

36.287930
36.052372
36.616383
36.324131
36.805573
36.546955
35.083511
34.826229
34.609211
34.590942
34.807732
34.587292
33.910793
34.290497
33.691135
33.830269
33.711933
33.949440
36.880135
36.555111
37.240597
36.955002
35.424866
35.083511
35.574856
35.356064
35.467041
35.204124
37.227901
37.017624
35.245777
35.367512
35.076000
35.223045
34.937626
35.019772
37.274487
37.063679
37.694698
37.444862
35.733913
35.444023
35.855125
35.555557
36.219742
35.493935

35.004807
34.722900
34.634815
34.485371
36.167770
35.839439
33.819798
33.525681
33.314354
33.125759
34.048214
33.798866
32.430721
32.989025
32.290108
32.588760
32.919430
33.098991
35.667793
35.295132
35.390430
35.001068
34.558109
34.304859
34.322823
34.154678
33.833763
33.604759
36.575512
36.348309
33.995228
34.044674
33.453804
33.646164
34.041138
34.218880
36.135864
35.866901
35.847282
35.640636
34.848454
34.598248
34.521702
34.186749
34.236755
33.649620

40.862949
41.093555
41.088402
40.919083
40.878242
40.949764
40.806973
40.741016
39.995117
39.723602
40.629883
40.389500
40.004883
40.295132
38.815445
39.088631
39.560547
39.713974
40.579567
40.746082
40.934418
41.072952
40.959999
40.781582
41.124496
41.036945
40.434353
40.285221
40.655087
40.868046
40.995872
40.965122
40.181484
40.305042
40.300087
40.725826
40.554455
40.670223
40.344742
40.619808
41.186527
41.078098
40.975365
41.011265
40.837486
40.665176

36.227749
36.072216
36.640949
36.316082
36.727192
36.546955
35.076000
34.866993
34.656796
34.605556
34.756046
34.590942
33.977604
34.240334
33.673824
34.044674
33.750130
33.896763
36.789043
36.494041
37.215218
36.921692
35.317955
35.132412
35.582581
35.386608
35.447857
35.223045
37.194099
37.034359
35.249569
35.352249
35.072247
35.196564
34.885551
34.993591
37.278725
37.025990
37.552143
37.496281
35.663910
35.463203
35.796371
35.570995
36.139847
35.831600

41.098709
41.129662
40.852760
40.812057
40.444336
40.634922
40.660133
40.519352
40.097897
39.863747
40.354679
40.161785
39.675507
40.107712
38.963139
39.337334
39.290169
39.608364
41.093555
41.016399
40.822224
40.771431
40.761288
40.529377
40.944645
40.781582
40.474308
40.399456
40.314960
40.454323
40.720764
40.919083
40.260475
40.324883
40.399456
40.509335
40.990742
40.959999
40.766361
39.820148
40.873146
40.842579
41.052368
40.959999
40.741016
40.655087

38.258026
37.996288
37.764206
37.582291
38.912243
38.696270
37.042732
36.838673
36.000877
35.772926
36.909214
36.600021
35.855125
36.235764
34.756046
35.173893
35.679443
35.890472
38.861481
38.650623
38.424015
38.208954
37.526340
37.282967
37.612488
37.500572
36.640949
36.457500
39.247814
39.065331
37.372261
37.453423
36.287930
36.392715
36.980026
37.109852
39.186798
39.056019
38.861481
38.673431
37.877701
37.664368
37.886459
37.526340
37.177219
36.938339

40.883343
40.857857
41.031807
40.954880
40.720764
40.954880
40.929302
40.730888
39.917164
39.786304
40.634922
40.429363
39.941490
40.275318
38.829247
39.214935
39.550995
39.786304
40.424377
40.700535
40.939529
41.083248
40.919083
40.791733
40.959999
40.944645
40.489311
40.305042
40.812057
40.766361
40.949764
41.021534
40.147022
40.142105
40.695480
40.735950
40.549438
40.589619
40.949764
40.424377
41.036945
41.011265
40.944645
41.062656
40.857857
40.639961

35.543983
35.367512
35.166344
34.989857
36.179752
35.989017
34.456360
34.254650
33.924835
33.732758
34.034069
33.798866
33.375431
33.753605
32.916122
33.182785
32.866600
33.078941
36.155800
35.808109
35.827682
35.478561
34.514431
34.315636
34.941353
34.700836
34.514431
34.218880
36.526585
36.320107
34.660461
34.800339
34.133335
34.290497
34.058830
34.233181
36.608200
36.356373
36.227749
36.107990
34.941353
34.656796
35.117352
34.818829
34.778179
34.384048

41.078098
41.171001
41.181351
41.171001
40.761288
40.806973
40.939529
40.852760
40.801891
40.604710
40.539402
40.409420
40.161785
40.414406
39.752518
40.137188
39.441502
39.685116
40.832397
41.031807
40.786655
40.934418
40.898651
40.924191
41.186527
41.139988
41.057510
41.000999
40.484310
40.609741
41.062656
41.083248
40.883343
40.965122
40.685375
40.655087
40.847668
40.837486
40.614773
40.761288
41.098709
40.965122
41.217609
41.222794
41.119339
41.155487

35.049740
34.959991
35.432526
35.185226
35.482403
35.253361
33.907284
33.771000
34.048214
33.854736
33.649620
33.351654
33.035587
33.253502
33.226524
33.375431
32.709122
32.827087
35.586445
35.378967
35.859051
35.605782
34.080082
33.798866
34.449116
34.290497
34.660461
34.394878
35.652267
35.417206
34.087173
34.151119
34.322823
34.456360
33.642712
33.718872
35.679443
35.726124
36.231754
36.088104
34.518066
34.485371
34.693489
34.420170
35.106064
34.789257

40.449326
40.000000
40.404438
40.344742
39.990238
39.926891
39.951233
39.839512
39.379883
38.815445
39.646702
39.455750
39.032757
39.261921
38.253559
38.564198
38.646069
38.875313
40.449326
40.424377
40.429363
40.399456
39.912304
39.892864
40.270370
40.191341
39.834671
39.598793
40.459316
40.230816
40.063576
40.201202
39.555771
39.656300
39.713974
39.762165
40.544418
40.489311
40.534389
40.559475
39.980476
39.980476
40.389500
40.250584
40.240696
40.073376

40.029320
39.641907
40.181484
40.225876
40.156864
40.043995
39.970726
39.897724
39.135315
38.646069
39.356232
39.172745
39.158699
39.403561
37.991882
38.320663
38.271431
38.500763
40.270370
40.137188
40.068478
40.142105
39.685116
39.627525
40.058681
39.995117
39.641907
39.417778
40.494316
40.280270
40.112621
40.019543
39.309021
39.398823
39.512840
39.536678
40.554455
40.374569
40.211067
40.151943
40.078278
39.892864
40.112621
40.235756
40.151943
39.892864

39.000237
38.838451
38.464607
38.311703
39.627525
39.489033
38.244633
38.137802
37.500572
37.210991
37.855824
37.681694
37.160355
37.543537
36.364445
36.702511
36.851101
36.950836
39.384617
39.130642
38.921486
38.687130
38.334114
38.191143
38.856873
38.595997
37.855824
37.803413
39.965851
39.795967
38.546055
38.568737
37.625446
37.825233
38.005104
38.089039
39.738056
39.598793
39.337334
39.042057
38.838451
38.646069
38.732861
38.573277
38.213409
38.000694

40.300087
40.399456
40.058681
39.536678
40.142105
40.078278
39.922028
39.713974
39.356232
39.065331
39.294880
39.097961
38.847660
39.200863
37.908375
38.555122
38.217869
38.361038
40.186413
40.300087
39.995117
40.137188
39.694729
39.579659
40.250584
40.127357
39.747696
39.550995
40.211067
40.349712
40.117531
40.127357
39.436756
39.536678
39.427265
39.560547
40.211067
40.211067
40.211067
40.156864
39.883156
39.912304
40.275318
40.201202
39.936623
39.863747

36.167770
35.996925
36.731308
36.628662
36.727192
36.457500
35.072247
34.915291
35.344624
35.087269
34.704514
34.499893
34.229603
34.481743
34.279736
34.653130
33.833763
34.034069
36.813843
36.437229
37.223675
37.093048
35.230621
35.008549
35.451694
35.340813
35.808109
35.644512
36.813843
36.805573
35.310345
35.306541
35.578720
35.625137
34.855865
34.978649
36.909214
36.884285
37.530640
37.423481
35.640636
35.444023
35.679443
35.440189
36.312057
36.056339

39.238415
39.172745
39.379883
39.304306
40.014652
39.791134
38.605091
38.442047
38.262493
38.111187
38.478157
38.258026
37.595226
37.947887
37.063679
37.449142
37.453423
37.677361
39.641907
39.408298
39.627525
39.546223
38.953876
38.774109
38.944614
38.898384
38.838451
38.586906
40.225876
40.260475
38.792469
38.806252
38.487198
38.605091
38.582363
38.687130
39.907440
39.709160
39.941490
39.858898
39.111961
38.986317
39.018814
38.787880
39.121300
38.866089

38.022743
37.768559
37.223675
37.072067
38.650623
38.550587
36.942501
36.768402
35.819851
35.640636
36.604111
36.344276
35.851204
36.215736
34.708187
34.837337
35.440189
35.694988
38.664307
38.258026
37.833969
37.560753
37.080456
36.925850
37.470554
37.266006
36.392715
36.187740
38.893768
38.806252
37.114056
37.278725
36.076187
36.155800
36.677860
36.780785
39.056019
38.907623
38.191143
38.031570
37.690361
37.376526
37.595226
37.299942
36.863541
36.538803

36.096058
35.906200
35.839439
35.605782
36.518444
36.287930
34.770798
34.514431
34.090721
33.851238
34.431019
34.208164
33.566891
33.921326
32.902901
33.263630
33.223156
33.457218
36.859394
36.518444
36.616383
36.187740
34.974918
34.678802
35.279930
35.049740
34.733940
34.499893
37.025990
36.817978
34.967453
35.053486
34.362415
34.481743
34.478115
34.675133
37.350964
37.143505
37.122467
36.888439
35.076000
35.106064
35.652267
35.272335
35.333191
35.027260

37.725075
37.552143
37.833969
37.664368
38.213409
38.035984
36.551033
36.324131
36.223743
36.012749
36.191738
36.203735
35.375149
35.714443
34.822529
35.440189
35.295132
35.528568
38.361038
38.111187
38.361038
38.155567
36.955002
36.772530
37.105652
36.834534
36.830391
36.368481
38.609638
38.469124
36.747784
36.628662
36.502171
36.608200
36.546955
36.649143
38.774109
38.627846
38.764935
38.532455
37.270245
37.067875
37.308437
37.009262
37.342449
37.080456

33.788410
33.542839
33.474308
33.334690
34.945080
34.855865
32.718922
32.459633
32.021889
31.721201
32.817226
32.572563
31.504663
31.890997
30.843374
31.264193
31.662962
31.856894
34.387657
34.062370
34.261814
33.917812
33.412868
33.219788
33.209690
32.912815
32.598488
32.325146
35.540131
35.363697
32.922737
33.065590
31.950077
32.353870
32.906204
32.833668
34.807732
34.565399
34.693489
34.272564
33.771000
33.324520
33.035587
32.975746
33.145863
32.748352

39.465252
39.474762
40.039101
39.791134
39.878300
39.752518
38.875313
38.636951
38.605091
38.356548
38.806252
38.618740
37.738110
38.097897
37.156139
37.755501
37.725075
37.934708
39.863747
39.791134
40.329845
40.201202
39.210243
39.163380
39.205551
39.154022
39.130642
38.930737
39.922028
39.829830
38.977043
39.083969
38.801659
38.912243
38.916866
39.097961
40.245640
39.922028
40.604710
39.844357
39.742874
39.531910
39.370419
39.196171
39.661098
39.313736

34.767109
34.514431
34.481743
34.286911
35.436359
35.601913
33.566891
33.334690
32.929356
32.817226
33.732758
33.464054
32.443565
32.738537
31.822861
32.090881
32.549915
32.764725
35.482403
35.151257
35.268539
34.900414
34.229603
34.072994
34.037601
33.795380
33.625450
33.256878
36.267849
36.024628
33.736229
33.896763
33.172707
33.243382
33.823288
33.833763
35.985065
35.726124
35.640636
35.398079
34.730259
34.532616
34.384048
33.959995
34.080082
33.767517

39.365688
39.229019
38.406002
38.133366
39.427265
39.224323
38.111187
37.868946
36.863541
36.604111
37.651386
37.406391
36.930012
37.282967
35.613522
35.965317
36.372517
36.690182
39.723602
39.503315
39.290169
38.981678
38.182243
38.005104
38.677998
38.482677
37.517746
37.240597
39.762165
39.541451
38.401501
38.464607
37.109852
37.274487
37.790337
37.855824
39.980476
39.839512
39.589222
39.465252
38.437538
38.213409
39.014168
38.659744
38.217869
37.799053

39.484276
39.191483
39.451000
39.154022
39.849205
39.766991
38.280373
38.013920
37.642735
37.419209
38.182243
37.925926
37.088852
37.453423
36.384632
36.776657
36.984200
37.206768
39.868599
39.675507
39.985355
39.379883
38.755764
38.244633
38.939987
38.641510
38.271431
38.031570
39.990238
39.849205
38.582363
38.659744
37.908375
38.062492
38.262493
38.392502
40.196270
40.019543
40.305042
40.147022
39.163380
39.004879
39.093296
38.751183
38.939987
38.559662

35.200344
34.982384
35.128643
34.804035
35.532421
35.314152
33.952957
33.698067
33.348259
33.226524
33.625450
33.546272
32.846832
33.169350
32.408268
32.735264
32.725456
32.869896
35.831600
35.136177
35.726124
35.386608
34.240334
34.005810
34.485371
34.261814
34.044674
33.861732
35.969265
35.745609
34.183186
34.254650
33.746655
33.847744
33.837257
33.900269
36.123913
36.008793
36.127895
35.914074
34.391270
34.208164
34.711864
34.405712
34.671463
34.319229

39.149342
38.912243
38.903004
38.655186
39.550995
39.379883
37.939098
37.725075
37.147717
36.913372
37.807777
37.513451
36.723076
37.147717
35.918011
36.036510
36.600021
36.871834
39.795967
39.470009
39.432011
39.163380
38.289318
38.128925
38.491718
38.280373
37.812138
37.530640
39.844357
39.627525
38.258026
38.293793
37.432030
37.522041
37.864571
37.943493
40.078278
39.956104
39.868599
39.670704
38.646069
38.289318
38.778698
38.428520
38.388004
38.066914

43.948498
43.702320
44.777260
44.509644
43.749001
43.661560
42.550320
42.281292
43.127140
42.974426
41.918896
41.747993
41.305939
41.801250
41.774605
42.210487
40.883343
41.150322
44.527790
44.245205
45.511112
45.247169
42.456596
42.352333
42.968792
42.980064
43.545513
43.528160
43.942604
43.913158
42.845188
42.867607
43.447361
43.499271
42.167030
42.270382
44.850807
44.710056
45.861443
45.676052
42.555843
42.572430
43.586060
43.332451
44.365013
44.090420

130.706024
130.135025
134.958817
134.130173
131.072006
130.031754
126.224960
125.164246
129.774261
129.007874
123.933434
123.606186
122.314293
123.699509
126.176361
126.615150
120.514893
121.452927
133.746933
132.022568
137.334457
136.192856
126.127792
125.499809
127.303810
127.007751
131.810135
130.083374
132.663971
131.598389
126.811142
126.958542
130.497803
130.967224
124.735443
125.164246
135.125778
133.856216
138.788651
138.203293
126.517372
126.371002
128.754425
128.250488
131.651260
132.717697

130.497803
130.031754
134.792267
134.240067
130.914902
129.517792
126.224960
125.596016
129.007874
128.957108
123.141678
123.095413
121.588127
123.559578
126.322281
127.106285
120.514893
121.318031
133.528931
131.863174
137.738541
136.306152
126.176361
125.451759
127.850174
127.452354
131.440033
130.445862
132.022568
130.445862
126.762093
127.106285
130.238480
130.810379
124.640549
125.020981
134.736847
134.350143
138.788651
137.912460
127.007751
126.079262
129.466614
128.300705
133.365891
131.969391

