37.042732
37.402122
25.732685
25.560062
25.781275
25.670193
37.851448
37.577980
37.764206
37.712051
37.930317
37.625446
26.014608
25.905605
35.730019
35.640636
24.794189
24.617233
25.044329
24.926214
36.739544
36.384632
36.243778
35.989017
36.048405
36.195736
24.831768
24.730566
34.763420
35.045990
24.206249
24.435495
24.357393
24.576614
35.501625
35.827682
35.042240
35.260948
35.241989
35.578720
24.163410
24.294188
37.912762
37.772911
26.141205
25.952795
26.277466
26.039415
38.464607
38.204502
38.320663
38.164455
36.930012
36.710732
25.179037
25.050072
36.489979
36.324131
25.221674
25.088430
25.446920
25.291758
37.177219
37.017624
36.863541
36.429127
38.053654
38.120056
26.296446
26.120367
36.096058
36.167770
25.019470
25.074993
25.109579
25.274200
36.880135
37.013443
36.400799
36.498108
36.612289
36.632755
24.916737
24.841179
38.307224
38.106758
26.309113
26.252203
26.528498
26.402386
38.829247
38.469124
38.705410
38.487198
37.160355
36.955002
25.287853
25.180973
36.834534
36.645046
25.456806
25.243048
25.546114
25.319117
37.397854
37.105652
37.168785
36.963341

38.691700
38.582363
26.498463
26.434334
26.222792
26.174614
38.280373
38.097897
38.280373
38.120056
39.309021
39.158699
27.343124
27.195618
37.198318
36.776657
25.702408
25.630035
25.576023
25.466698
37.130878
37.067875
36.555111
36.271862
37.565060
37.346706
25.848387
25.832085
35.969265
36.155800
25.103807
25.200338
24.790438
24.990849
36.088104
36.510307
35.482403
35.780739
36.686073
36.772530
25.128834
25.397614
38.995598
38.879925
26.918591
26.834822
26.760311
26.547840
38.820045
38.723705
38.668869
38.555122
38.419510
38.009510
26.353546
26.176706
37.768559
37.569366
26.076715
26.020805
25.858585
25.811737
37.664368
37.444862
37.143505
37.038544
39.536678
39.384617
27.640657
27.487627
37.299942
37.470554
25.930204
26.047695
25.744814
25.823942
37.483414
37.599541
36.871834
36.938339
38.062492
38.164455
26.066343
26.120367
39.294880
39.135315
27.308943
27.188848
27.098907
26.771242
39.168060
39.219627
38.958508
38.792469
38.325146
38.133366
26.530645
26.423676
37.886459
37.860195
26.189259
26.122450
26.037346
25.830050
38.066914
37.803413
37.582291
37.355221

35.177670
35.192783
24.225935
24.140268
23.932222
23.838207
35.317955
35.076000
35.016029
34.866993
36.514374
36.235764
24.521441
24.393658
33.809326
33.546272
23.541922
23.370659
23.256210
23.157597
33.974079
33.708466
33.402649
33.055584
34.226028
34.208164
23.387339
23.238068
32.669991
32.889690
22.849174
23.056572
22.659567
22.863522
32.863304
33.233265
32.401859
32.663475
33.331299
33.529110
22.744499
22.900272
35.902267
35.679443
24.669127
24.433674
24.375511
24.048143
35.965317
35.660027
35.563274
35.298935
34.963722
34.759731
23.717428
23.572405
34.158241
34.119118
23.834740
23.715712
23.575796
23.472780
34.319229
34.204594
33.928349
33.767517
36.963341
36.518444
24.717508
24.676558
33.935375
33.907284
23.531776
23.616577
23.454298
23.447584
33.938892
34.136890
33.382233
33.566891
34.391270
34.752361
23.414076
23.424118
36.239769
35.969265
24.954687
24.726833
24.661699
24.504936
36.372517
36.100033
35.749508
35.567135
35.173893
34.826229
23.696848
23.536848
34.708187
34.514431
23.968985
23.805304
23.700275
23.392347
34.697163
34.344410
34.104912
34.062370

40.776505
40.857857
28.954670
28.832380
28.867941
28.756472
40.746082
40.419392
40.464314
40.670223
40.097897
40.344742
29.197184
29.078001
40.112621
39.956104
28.124624
28.011625
28.057198
27.880541
40.230816
40.043995
39.868599
39.771816
40.695480
40.584591
27.994873
27.755379
39.130642
39.304306
27.432398
27.638327
27.179827
27.411745
39.182110
39.455750
38.879925
39.051365
39.498554
40.117531
27.240835
27.409452
40.594646
40.609741
29.362007
29.163403
29.480883
29.238869
40.796814
40.893547
40.529377
40.705589
40.842579
40.359650
28.360741
28.093279
40.670223
40.519352
28.503828
28.395147
28.437038
28.275089
40.310001
40.464314
40.344742
40.211067
39.786304
40.073376
29.393614
29.262369
40.151943
40.434353
28.328867
28.390226
28.062002
28.143950
40.137188
40.499321
39.820148
40.186413
40.832397
40.878242
28.059599
28.127039
40.857857
40.929302
29.584688
29.491495
29.699991
29.595375
40.499321
40.534389
40.569519
40.389500
41.062656
40.549438
28.319073
28.272650
40.746082
40.660133
28.696033
28.493914
28.769096
28.528643
40.735950
40.564495
40.579567
40.434353

40.544418
40.310001
28.214224
28.100506
28.437038
28.294621
40.255527
40.102802
40.206135
40.220940
40.255527
39.699539
28.390226
28.294621
39.584442
39.342056
27.243099
27.121338
27.397993
27.236307
39.512840
39.337334
39.356232
39.083969
39.985355
39.839512
27.315771
27.159552
38.437538
38.673431
26.552143
26.885462
26.679693
26.889874
38.424015
38.792469
38.151123
38.396999
38.944614
39.309021
26.496321
26.736292
40.414406
40.399456
28.620840
28.412382
28.814632
28.648365
40.265423
40.156864
40.725826
40.564495
40.384521
40.196270
27.708439
27.547709
39.941490
39.718788
27.654654
27.506086
27.802477
27.654654
39.694729
39.800800
39.546223
39.337334
40.379543
40.364620
28.675943
28.633345
39.704350
39.627525
27.522257
27.506086
27.526882
27.668665
39.738056
39.752518
39.205551
39.512840
40.161785
40.235756
27.402576
27.485321
40.604710
40.700535
28.875572
28.603352
29.008499
28.847610
40.058681
39.995117
40.827312
40.564495
40.364620
39.990238
27.788332
27.654654
40.314960
40.161785
27.932827
27.561611
28.136700
27.918549
39.786304
39.675507
40.147022
39.990238

36.171764
36.056339
24.790438
24.704464
25.008013
24.860025
36.731308
36.400799
36.567348
36.445335
36.867687
36.563267
25.173235
25.017559
34.653130
34.387657
24.042850
23.911266
24.218773
24.101206
35.432526
35.064739
34.963722
34.748676
35.132412
34.605556
23.925234
23.796659
33.494839
33.750130
23.427469
23.575796
23.596169
23.813953
34.261814
34.623837
33.781445
34.041138
33.781445
34.330017
23.274380
23.427469
36.739544
36.235764
25.088430
24.964193
25.440994
25.223616
37.173000
36.988373
37.093048
36.900902
35.570995
35.072247
24.190166
24.165192
35.166344
34.733940
24.357393
24.213404
24.596907
24.462860
35.847282
35.851204
35.613522
35.336998
37.410664
37.097248
25.496420
25.311293
34.770798
34.885551
24.165192
24.231310
24.402740
24.481136
35.663910
35.609650
35.185226
35.234409
35.317955
35.451694
24.012897
24.071108
37.067875
36.930012
25.413370
25.366156
25.716528
25.590004
37.638409
37.504864
37.569366
37.389320
35.898335
35.629009
24.453732
24.231310
35.295132
35.268539
24.600601
24.265404
24.650568
24.521441
36.239769
35.851204
35.749508
35.570995

41.269520
41.290321
29.772852
29.627487
29.108999
28.977715
41.253933
41.186527
41.347633
41.347633
40.675274
40.305042
29.737726
29.627487
41.114178
41.016399
28.893396
28.774149
28.326418
28.304398
40.519352
40.310001
40.735950
40.519352
41.243549
41.181351
28.558479
28.424706
40.394478
40.554455
28.066809
28.404993
27.540764
27.916170
39.766991
39.873447
39.665901
39.646702
40.220940
40.852760
27.814278
27.849737
41.129662
41.098709
30.156452
29.810772
29.488840
29.293760
40.827312
40.893547
40.888447
40.990742
41.264324
41.347633
28.936771
28.812099
41.093555
40.944645
29.270210
29.137470
28.819700
28.680964
41.114178
41.021534
41.067802
40.975365
40.655087
40.171631
30.001831
29.835199
41.196880
41.207245
29.059950
29.103828
28.466684
28.523678
40.893547
40.965122
40.806973
40.903759
41.285122
40.985615
28.668417
28.756472
41.083248
41.134823
30.394213
30.265078
29.889629
29.756630
40.675274
40.913971
41.233170
41.155487
41.316353
41.326775
29.044497
28.865398
41.305939
41.358070
29.504772
29.173790
28.804501
28.615841
41.000999
41.016399
41.316353
41.181351

35.336998
35.283730
24.234894
23.963726
23.956718
23.864248
35.276134
35.272335
35.162571
35.060989
36.092079
36.072216
24.499439
24.094118
33.750130
33.529110
23.435846
23.392347
23.304174
23.228184
34.009342
33.743179
33.501686
33.474308
34.355209
34.161800
23.476143
23.362328
32.741806
32.922737
22.868309
23.082558
22.809412
22.977350
33.092304
33.395844
32.475719
32.804085
33.226524
33.663448
22.839619
22.974129
35.925884
35.823769
24.667269
24.471994
24.346535
24.197311
36.107990
35.823769
35.706657
35.482403
34.907852
34.759731
23.788021
23.580887
34.229603
34.087173
23.831272
23.710564
23.760424
23.633610
34.561756
34.409325
34.101364
33.809326
36.834534
36.636852
24.912947
24.661699
33.882744
34.112015
23.553766
23.647255
23.442553
23.528399
34.268982
34.405712
33.757084
33.739704
34.319229
34.770798
23.541922
23.652374
36.449387
36.159786
24.985132
24.717508
24.794189
24.626484
36.538803
36.340248
36.195736
35.989017
35.428696
34.778179
23.775940
23.763870
34.653130
34.503529
23.926981
23.819147
23.703703
23.499714
34.878128
34.572693
34.290497
34.034069

39.555771
39.791134
27.666328
27.478407
27.577848
27.443886
39.522373
39.603577
39.704350
39.527142
39.565323
39.276039
28.456795
28.316626
38.523396
38.262493
26.808475
26.502750
26.710140
26.575830
38.482677
38.275902
38.347572
38.075760
39.065331
38.559662
26.927439
26.766869
37.266006
37.616806
26.089172
26.231188
25.942522
26.302778
37.560753
37.895226
37.177219
37.483414
37.651386
38.022743
26.264828
26.445000
39.854050
39.820148
27.937590
27.859207
27.968590
27.811916
39.956104
39.733238
39.728420
39.946362
39.389351
39.276039
27.306667
27.141556
39.009525
38.852264
27.170813
27.036304
27.213686
27.105633
39.224323
38.912243
38.815445
38.668869
39.965851
39.603577
28.565948
28.459267
38.623291
38.719131
26.956236
26.887667
26.854614
26.978430
38.655186
38.728283
38.258026
38.383507
39.280746
38.986317
27.072042
27.164055
40.161785
39.820148
28.331316
28.095688
28.192377
28.143950
40.176556
40.097897
39.820148
40.063576
39.762165
39.541451
27.710783
27.533821
39.243114
39.196171
27.247631
27.143805
27.141556
26.949585
39.436756
39.135315
39.219627
39.032757

38.365532
38.137802
26.000158
25.930204
25.840233
25.580015
37.794693
37.513451
37.414936
36.896748
39.004879
38.760349
26.612524
26.323908
36.640949
36.489979
25.180973
25.169369
25.080750
24.922422
36.060307
35.866901
35.831600
35.540131
36.963341
37.017624
25.379910
25.080750
35.578720
35.804195
24.462860
24.790438
24.359203
24.536129
34.878128
35.386608
34.376835
34.656796
35.749508
36.163780
24.526947
24.721237
38.810848
38.673431
26.489895
26.298555
26.147463
25.934309
38.370022
38.133366
37.983078
37.790337
37.509159
37.342449
25.582012
25.558069
37.440586
37.126671
25.626026
25.411400
25.295662
25.184843
36.955002
36.534729
36.271862
36.020668
39.093296
38.958508
26.758125
26.590927
36.735428
36.900902
25.323029
25.421257
25.194525
25.264456
36.510307
36.628662
35.874752
36.004833
37.194099
37.342449
25.282000
25.387774
38.972408
38.981678
26.627661
26.571522
26.569366
26.427938
38.963139
38.751183
38.709984
38.289318
38.044815
37.582291
25.832085
25.435070
37.668697
37.346706
25.825977
25.484524
25.450874
25.215853
37.038544
36.863541
36.921692
36.425079

35.843361
35.710548
24.738033
24.617233
24.985132
24.828005
36.080158
35.985065
36.127895
35.949535
36.751907
36.400799
25.229443
25.084591
34.796646
34.463608
24.062271
23.932222
24.413649
24.224144
34.948807
34.719219
34.405712
34.315636
35.016029
34.859573
23.942715
23.800116
32.843540
33.739704
23.474461
23.623386
23.606369
23.810493
33.809326
34.151119
33.419685
33.484570
33.704998
34.286911
23.300861
23.435846
36.392715
36.324131
25.283951
25.046244
25.399582
25.289804
36.880135
36.595936
36.789043
36.591846
35.574856
35.268539
24.267200
24.147385
35.106064
35.087269
24.397289
24.265404
24.708189
24.561876
35.570995
35.344624
35.113586
34.686142
37.449142
37.236362
25.500389
25.372047
34.878128
35.008549
24.060503
24.129602
24.497608
24.543480
35.223045
35.333191
34.656796
34.697163
35.192783
35.260948
23.897316
24.002344
36.980026
36.842815
25.574026
25.311293
25.832085
25.534170
37.368000
36.996727
37.274487
36.988373
35.921947
35.648392
24.455557
24.312212
35.543983
35.113586
24.593216
24.384581
24.811085
24.606142
35.776833
35.517017
35.582581
35.344624

40.817139
40.817139
28.924000
28.829844
29.171192
29.036774
41.000999
40.908863
40.786655
40.776505
40.614773
40.893547
29.225830
29.088327
40.305042
40.034210
28.112560
27.985310
28.187527
28.035591
40.216003
40.043995
39.858898
39.584442
40.479309
40.220940
28.014021
27.837906
39.135315
39.470009
27.402576
27.492239
27.407160
27.645323
39.102627
39.441502
38.491718
38.682564
39.479519
39.685116
27.137060
27.407160
40.464314
40.913971
29.197184
28.934216
29.362007
29.333096
40.903759
40.771431
40.574543
40.786655
40.786655
40.374569
28.368107
28.211796
40.645000
40.484310
28.474106
28.211796
28.575914
28.427172
40.484310
40.235756
40.117531
40.024429
40.489311
40.650043
29.499460
29.356747
40.132271
40.384521
28.282410
28.375477
28.343569
28.284851
40.409420
40.479309
39.752518
40.024429
40.634922
40.847668
28.069214
28.105326
40.519352
40.419392
29.510086
29.422646
29.772852
29.683847
40.919083
40.878242
40.549438
40.660133
40.939529
40.837486
28.409918
28.279968
40.817139
40.796814
28.685984
28.456795
28.875572
28.598360
40.781582
40.589619
40.589619
40.444336

35.189003
34.986118
23.960222
23.885122
23.659206
23.596169
35.019772
34.852158
34.656796
34.543537
36.080158
35.718334
24.236687
24.120722
33.805840
33.518822
23.256210
23.080933
23.098829
22.988634
33.767517
33.460636
33.338081
33.048916
34.112015
33.886246
23.134708
22.995089
32.738537
32.850124
22.576822
22.753975
22.496223
22.694092
32.617958
33.042252
32.347485
32.495041
32.883091
33.331299
22.483875
22.542652
35.874752
35.440189
24.355581
24.175890
24.136711
23.935720
35.757313
35.513168
35.204124
35.031002
34.521702
34.467236
23.362328
23.216663
34.362415
34.076538
23.560541
23.422445
23.339031
23.282648
34.233181
33.981125
33.865234
33.680748
36.425079
36.207733
24.510435
24.413649
33.774479
34.065910
23.377327
23.432495
23.251259
23.325741
33.910793
34.144005
33.487991
33.580650
34.333614
34.420170
23.182173
23.241365
36.215736
35.753410
24.648714
24.503103
24.437319
24.290586
36.024628
36.155800
35.656147
35.474720
34.915291
34.565399
23.414076
23.276033
34.481743
34.233181
23.701988
23.481190
23.523331
23.329062
34.576344
34.348007
33.942406
33.858234

35.992970
35.796371
24.890240
24.704464
25.074993
24.924316
36.255810
36.032551
36.151810
36.052372
37.009262
36.368481
25.229443
25.061567
34.726578
34.459984
24.009378
23.925234
24.382767
24.231310
34.986118
34.726578
34.518066
34.344410
35.008549
34.789257
23.946215
23.798388
33.594421
34.016403
23.425793
23.594471
23.722580
23.859035
33.823288
34.140446
33.378834
33.642712
33.673824
34.283321
23.239716
23.404043
36.522514
36.320107
25.262508
25.008013
25.504358
25.323029
36.731308
36.579594
36.834534
36.616383
35.517017
35.291328
24.303196
24.190166
35.272335
35.016029
24.406376
24.261810
24.721237
24.591370
35.582581
35.314152
35.162571
34.919010
37.457706
37.253296
25.506344
25.321072
34.855865
34.601902
24.193739
24.258217
24.492115
24.532455
35.139946
35.302738
34.612865
34.833633
35.196564
35.310345
23.997070
24.083492
36.942501
36.780785
25.518261
25.311293
25.662151
25.601999
37.359482
37.126671
37.168785
37.009262
35.949535
35.590313
24.442787
24.312212
35.513168
35.424866
24.591370
24.359203
24.762337
24.448257
35.827682
35.478561
35.493935
35.302738

40.873146
40.959999
28.962347
28.842531
29.108999
29.021345
40.898651
40.832397
40.705589
40.554455
40.029320
40.801891
29.207594
29.085745
40.235756
40.014652
28.124624
27.994873
28.172985
28.021208
40.201202
39.956104
39.829830
39.627525
40.429363
40.235756
28.011625
27.847370
39.252514
39.427265
27.381968
27.610380
27.439289
27.519947
39.111961
39.479519
38.668869
38.833847
39.460503
39.815311
27.263500
27.402576
40.690426
40.569519
29.354116
29.150431
29.515402
29.191982
40.985615
40.949764
40.584591
40.746082
40.888447
40.690426
28.395147
28.211796
40.665176
40.524364
28.486483
28.267771
28.578405
28.437038
40.629883
40.464314
40.305042
40.161785
40.464314
40.414406
29.390976
29.359377
40.334812
40.414406
28.287292
28.341118
28.314180
28.432104
40.142105
40.474308
39.757339
39.873447
40.614773
40.384521
28.078835
28.088463
40.584591
40.474308
29.478230
29.254530
29.775557
29.662352
40.746082
40.796814
40.419392
40.670223
40.903759
40.806973
28.321522
28.114973
40.822224
40.489311
28.685984
28.446915
28.832380
28.593369
40.786655
40.584591
40.594646
40.449326

35.181446
35.151257
23.961975
23.857300
23.744928
23.618279
35.113586
34.870705
34.645802
34.492630
35.722229
35.687214
24.254625
24.095890
33.865234
33.649620
23.120016
23.133074
23.120016
23.004774
33.673824
33.446972
33.300812
33.243382
34.058830
33.928349
23.147781
23.006390
32.725456
32.853420
22.579933
22.814175
22.486961
22.698809
32.604977
32.965794
32.271027
32.472500
32.784393
33.341473
22.453062
22.507040
35.769020
35.501625
24.424568
24.175890
24.161629
23.949715
35.718334
35.463203
35.185226
34.922733
34.634815
34.140446
23.472780
23.292580
34.069454
34.083630
23.492973
23.322420
23.319101
23.305832
34.012871
33.967037
33.753605
33.584095
36.392715
35.847282
24.451906
24.263607
33.704998
33.809326
23.325741
23.368992
23.206799
23.297546
33.666908
34.019932
33.446972
33.566891
34.097816
34.412937
23.201870
23.165783
36.104012
35.941647
24.630186
24.397289
24.391842
24.234894
36.084133
35.929825
35.663910
35.356064
34.837337
34.598248
23.511517
23.330723
34.474487
34.236755
23.695133
23.492973
23.486238
23.195299
34.631157
34.340809
34.044674
33.642712

40.670223
40.751152
29.140062
29.176386
28.812099
28.678453
40.827312
40.589619
40.629883
40.776505
40.868046
40.939529
29.264982
29.137470
40.459316
40.255527
28.265333
28.093279
27.904284
27.856840
39.661098
39.574879
39.375149
39.332615
40.786655
40.529377
28.090870
27.885286
39.479519
39.742874
27.550026
27.878170
27.220469
27.508394
38.778698
39.144665
38.222324
38.582363
39.820148
39.820148
27.331720
27.464588
40.404438
40.559475
29.457029
29.327845
29.062529
29.029057
40.832397
40.720764
40.776505
40.883343
40.903759
40.812057
28.446915
28.287292
40.817139
40.685375
28.776674
28.493914
28.407455
28.255583
40.369595
40.295132
40.112621
39.632317
40.771431
40.852760
29.536686
29.241478
40.334812
40.629883
28.523678
28.516230
28.148785
28.245840
40.053783
40.147022
39.598793
39.795967
40.806973
40.776505
28.030796
28.211796
40.359650
40.424377
29.892355
29.702682
29.435860
29.288523
40.464314
40.680325
40.574543
40.746082
40.569519
41.036945
28.373020
28.360741
40.929302
40.837486
29.044497
28.799437
28.501348
28.284851
40.574543
40.029320
40.384521
40.191341

38.343086
38.226784
26.051836
25.924051
25.821907
25.646082
37.738110
37.436306
37.612488
37.432030
38.691700
38.442047
26.554295
26.474913
36.612289
36.494041
25.264456
25.148119
25.055819
24.911055
36.219742
35.851204
35.839439
35.493935
37.291454
36.963341
25.324987
25.194525
35.490089
35.132412
24.560036
24.760466
24.373699
24.556355
35.023514
35.378967
34.510796
34.697163
36.044441
36.388672
24.633890
24.743639
38.907623
38.696270
26.459948
26.302778
26.250101
26.045624
38.419510
38.093468
38.226784
37.890842
37.842709
37.509159
25.710474
25.546114
37.244827
37.177219
25.628031
25.534170
25.370083
25.280050
36.826252
36.620472
36.437229
36.088104
39.000237
39.116631
26.839216
26.688385
36.620472
36.975853
25.391708
25.506344
25.188715
25.278099
36.489979
36.640949
35.847282
35.843361
37.526340
37.496281
25.409430
25.450874
38.797062
38.755764
26.671007
26.664497
26.522057
26.309113
38.709984
38.523396
38.487198
38.352058
38.044815
37.595226
25.797512
25.658133
37.699032
37.586601
25.686291
25.560062
25.540140
25.217793
37.223675
36.817978
36.884285
36.583679

40.584591
40.756218
29.298998
29.140062
28.794376
28.683474
40.670223
40.639961
40.746082
40.680325
40.329845
40.806973
29.278055
29.108999
40.524364
40.029320
28.301952
28.250711
28.028399
27.878170
39.907440
39.699539
39.318455
39.323174
40.715706
40.564495
28.069214
27.930447
39.427265
39.718788
27.668665
27.873426
27.281658
27.377392
38.755764
39.196171
38.392502
38.352058
39.956104
40.063576
27.327162
27.443886
40.504326
40.494316
29.622129
29.494150
29.186781
29.013636
40.924191
40.862949
40.741016
40.862949
40.842579
40.898651
28.444445
28.289736
40.756218
40.680325
28.784258
28.635847
28.422239
28.262894
40.196270
39.956104
40.112621
39.536678
40.873146
40.913971
29.478230
29.404163
40.584591
40.564495
28.568439
28.456795
28.165722
28.260458
40.083179
40.171631
39.546223
39.771816
40.484310
40.847668
28.143950
28.168142
40.369595
40.394478
29.886902
29.716152
29.425287
29.158213
40.624844
40.474308
40.544418
40.609741
40.650043
40.913971
28.503828
28.238539
40.474308
40.614773
29.029057
28.817167
28.536097
28.277529
40.285221
40.255527
40.404438
40.186413

34.911572
34.971184
23.930475
23.822611
24.161629
23.953217
35.467041
35.238197
35.417206
35.444023
35.722229
35.463203
24.490284
24.371885
33.739704
33.457218
23.142878
23.105345
23.472780
23.215019
34.051750
33.889751
33.868732
33.646164
33.935375
33.467468
23.380663
23.226538
32.588760
32.856712
22.661135
22.551962
22.796717
23.017702
33.129108
33.365238
32.807369
33.045582
32.972427
33.048916
22.639215
22.738186
35.306541
35.147484
24.306803
24.190166
24.576614
24.402740
36.068245
35.796371
36.139847
35.937706
34.294086
34.283321
23.587677
23.508142
34.112015
33.907284
23.472780
23.409058
23.833006
23.633610
34.896698
34.656796
34.438255
34.226028
36.324131
35.812023
24.743639
24.626484
33.673824
33.914303
23.375660
23.461016
23.579189
23.693420
34.294086
34.554466
34.009342
34.119118
34.122669
33.910793
23.440876
23.471098
35.866901
35.605782
24.572927
24.545319
24.850599
24.615385
36.348309
36.267849
36.538803
36.275879
34.726578
34.445496
23.659206
23.642136
34.550823
34.251072
23.611471
23.548689
23.857300
23.695133
35.064739
34.719219
34.952534
34.671463

39.980476
39.975601
27.701412
27.519947
27.594105
27.432398
40.097897
40.043995
40.142105
40.191341
40.211067
40.196270
28.424706
28.301952
39.196171
38.903004
26.832624
26.701435
26.804090
26.731930
38.981678
39.037407
38.953876
38.618740
39.158699
39.107292
27.085468
26.918591
37.952282
38.128925
25.996033
26.315451
26.137033
26.302778
38.195595
38.410503
37.655712
37.864571
38.573277
38.655186
26.193445
26.492037
40.092991
39.829830
28.078835
27.816639
28.059599
27.837906
40.196270
40.088085
40.389500
40.419392
39.617943
39.815311
27.455383
27.170813
39.574879
39.290169
27.193361
27.092186
27.227253
27.038534
39.555771
39.422523
39.309021
39.037407
40.151943
40.216003
28.701059
28.548527
39.261921
39.252514
26.978430
27.085468
26.998434
27.096668
39.403561
39.555771
39.121300
39.186798
39.839512
39.738056
27.128073
27.083231
40.097897
39.941490
28.382851
28.267771
28.360741
28.151203
40.300087
40.310001
40.559475
40.469311
40.063576
39.946362
27.654654
27.492239
39.878300
39.627525
27.397993
27.150551
27.320328
27.080992
39.888008
39.713974
39.574879
39.541451

37.621124
37.577980
25.626026
25.566046
25.672203
25.490471
37.842709
37.738110
37.616806
37.534939
38.618740
38.379013
26.387503
26.290115
36.312057
36.175755
24.967999
24.769823
24.964193
24.756723
36.784912
36.522514
36.316082
36.040474
37.021805
36.817978
25.013741
25.023291
35.109825
35.352249
24.260014
24.353771
24.222353
24.455557
35.640636
35.977161
35.060989
35.394253
35.906200
36.219742
24.444611
24.596907
37.943493
37.921535
26.068417
25.936361
26.105801
25.891277
38.473640
38.115623
38.146683
37.908375
37.470554
37.232132
25.482542
25.340654
36.846958
36.694290
25.272251
25.175169
25.161636
25.030937
37.282967
37.009262
36.996727
36.461555
38.990955
38.884537
26.714495
26.449270
36.485916
36.457500
25.067320
25.038588
24.931904
25.036674
36.934174
37.055298
36.429127
36.506237
37.189877
37.363739
25.188715
25.264456
38.523396
38.302746
26.430069
26.311226
26.408768
26.226990
38.907623
38.659744
38.410503
38.298271
37.712051
37.560753
25.642069
25.546114
37.181435
36.963341
25.427176
25.250828
25.374012
25.173235
37.526340
37.177219
36.963341
36.892593

40.063576
40.058681
27.762434
27.598753
27.963816
27.741280
40.073376
40.068478
39.936623
40.029320
39.060677
39.917164
28.373020
28.102917
39.182110
38.949245
26.925226
26.747204
27.058630
26.896496
39.252514
38.995598
38.824646
38.632397
39.627525
39.384617
26.920801
26.793131
37.829601
38.102325
26.082941
26.442867
26.319679
26.498463
38.120056
38.424015
37.660038
37.855824
38.496239
38.824646
26.283789
26.457811
40.000000
39.154022
28.180254
27.949505
28.531128
28.350925
40.424377
40.280270
40.235756
40.265423
39.815311
39.718788
27.409452
27.252163
39.656300
39.337334
27.256697
27.130320
27.464588
27.336281
39.565323
39.484276
39.346783
39.009525
40.073376
39.560547
28.600855
28.380392
39.280746
39.342056
26.969547
27.119093
27.193361
27.293020
39.342056
39.560547
38.907623
39.000237
39.694729
39.795967
27.123583
27.229517
40.201202
40.142105
28.299507
28.141533
28.814632
28.688496
40.434353
40.384521
40.474308
40.369595
40.107712
39.854050
27.568567
27.420921
39.912304
39.766991
27.462286
27.245365
27.826086
27.524569
39.975601
39.694729
39.646702
39.579659

39.995117
39.995117
27.717813
27.563931
28.023603
27.835543
39.907440
39.965851
40.161785
40.092991
39.594006
39.527142
28.328867
28.185102
39.032757
38.728283
26.852413
26.745022
27.096668
26.863420
39.182110
39.037407
38.972408
38.687130
39.318455
39.219627
27.011787
26.905329
37.855824
38.035984
26.178797
26.362028
26.340836
26.524202
37.969872
38.496239
37.712051
37.969872
38.231243
38.641510
26.296446
26.438599
40.255527
40.107712
28.170565
27.918549
28.488958
28.223946
40.142105
40.181484
40.329845
40.235756
39.613152
39.479519
27.407160
27.258963
39.451000
39.389351
27.290747
27.098907
27.427807
27.306667
39.689922
39.550995
39.479519
39.233715
39.980476
39.747696
28.479053
28.454325
39.121300
39.261921
27.056395
27.139307
27.184338
27.249897
39.503315
39.460503
39.046711
39.069988
39.608364
39.598793
27.112362
27.150551
40.176556
40.305042
28.427172
28.301952
28.779203
28.508787
40.364620
40.255527
40.464314
40.394478
39.699539
39.622734
27.501469
27.368246
39.839512
39.608364
27.427807
27.157301
27.699070
27.448484
39.868599
39.608364
39.641907
39.594006

39.574879
39.685116
28.028399
27.863945
27.963816
27.811916
40.624844
40.444336
40.444336
40.389500
39.675507
39.598793
28.439507
28.272650
38.792469
38.650623
27.092186
26.976208
27.148302
27.000660
39.733238
39.489033
39.360962
39.009525
39.107292
38.953876
27.092186
26.993986
37.794693
38.018333
26.408768
26.580143
26.430069
26.629826
38.705410
39.009525
38.124493
38.396999
38.146683
38.487198
26.300667
26.569366
39.584442
39.555771
28.449383
28.223946
28.419775
28.170565
40.584591
40.454323
40.655087
40.655087
39.446251
39.432011
27.489933
27.338562
39.257217
39.210243
27.354538
27.363674
27.522257
27.386543
40.186413
40.039101
39.888008
39.555771
40.034210
39.742874
28.638350
28.553503
38.958508
39.121300
27.245365
27.270306
27.329441
27.381968
40.053783
40.014652
39.460503
39.474762
39.280746
39.408298
27.177572
27.146053
39.878300
39.598793
28.645861
28.506308
28.693520
28.518711
40.584591
40.645000
40.822224
40.730888
39.541451
39.594006
27.696730
27.485321
39.479519
39.517609
27.727196
27.487627
27.652321
27.423216
40.290176
40.181484
40.147022
39.985355

39.479519
39.323174
27.265768
27.083231
26.614685
26.430069
38.473640
38.298271
38.778698
38.806252
39.536678
39.313736
27.393412
27.188848
38.401501
38.200047
26.459948
26.266933
25.773163
25.650099
36.789043
37.312687
37.359482
37.156139
38.280373
37.825233
26.201822
26.033209
37.355221
37.491989
25.674215
25.874922
25.073074
25.287853
36.396755
36.764278
36.227749
36.429127
37.261768
37.577980
25.442968
25.660141
39.766991
39.641907
27.649988
27.459986
27.060863
26.821642
38.446556
38.691700
39.186798
39.149342
38.723705
38.244633
26.541389
26.292225
38.769524
38.705410
26.801897
26.664497
26.185072
26.093327
38.160007
37.886459
37.921535
37.738110
40.000000
39.800800
27.663994
27.522257
38.582363
38.546055
26.582298
26.673180
25.950741
26.070492
37.768559
37.947887
37.496281
37.647060
38.482677
38.555122
26.273252
26.376881
40.191341
39.815311
27.923306
27.778908
27.359104
27.188848
39.135315
38.939987
39.574879
39.441502
38.833847
38.217869
26.640650
26.500607
39.116631
39.051365
26.958454
26.736292
26.309113
26.109961
38.275902
38.062492
38.455582
38.200047

38.058071
37.820869
25.895369
25.917900
26.058052
25.870836
38.668869
38.442047
38.455582
38.437538
39.102627
38.866089
26.773430
26.526350
36.636852
36.441280
25.211971
24.992754
25.151979
25.146191
37.427757
37.067875
36.909214
36.600021
37.466270
36.871834
25.393677
25.293709
35.543983
35.769020
24.536129
24.682133
24.550835
24.786686
36.235764
36.559189
35.691101
35.961369
36.159786
36.538803
24.715643
24.854368
38.491718
38.343086
26.453541
26.243793
26.500607
26.145376
39.318455
38.907623
38.939987
38.751183
37.925926
37.816502
25.767084
25.606001
37.244827
36.967510
25.546114
25.415342
25.638056
25.522238
37.903992
37.777264
37.539238
37.329689
39.417778
39.252514
27.060863
26.927439
36.760151
36.316082
25.368120
25.413370
25.415342
25.500389
37.616806
37.738110
37.005081
37.168785
37.625446
37.738110
25.502375
25.608002
38.972408
38.764935
26.760311
26.619009
26.790941
26.631990
39.651501
39.403561
39.266628
39.093296
38.311703
38.066914
26.014608
25.850426
37.569366
37.376526
25.728643
25.536160
25.765057
25.546114
38.240170
37.930317
37.947887
37.686028

40.156864
39.849205
27.916170
27.795403
27.687368
27.510704
40.389500
40.235756
40.434353
40.354679
40.310001
40.280270
28.523678
28.432104
39.276039
39.135315
27.121338
26.945152
26.823837
26.766869
39.394085
39.177425
39.042057
38.810848
39.771816
39.579659
27.195618
27.051928
38.146683
38.338600
26.364149
26.543539
26.000158
26.271145
38.244633
38.591450
37.868946
37.947887
38.709984
39.074650
26.466360
26.636320
40.290176
40.211067
28.370564
28.160879
28.146366
27.930447
40.594646
40.484310
40.660133
40.634922
40.063576
40.024429
27.594105
27.436993
39.723602
39.522373
27.450783
27.209167
27.224991
27.116848
39.858898
39.046711
39.550995
39.304306
40.514343
40.424377
28.801970
28.683474
39.271332
39.527142
27.247631
27.184338
27.067570
27.101151
39.342056
39.685116
38.953876
39.276039
39.897724
39.965851
27.272575
27.202391
40.394478
40.399456
28.678453
28.488958
28.454325
28.292177
40.771431
40.685375
40.766361
40.756218
40.186413
40.024429
27.760082
27.608055
39.975601
39.868599
27.647654
27.393412
27.356821
27.051928
40.078278
39.849205
39.897724
39.752518

41.078098
41.238358
29.827053
29.697300
29.478230
29.288523
41.462734
41.368515
41.510006
41.447002
40.685375
40.822224
30.281858
30.184231
41.196880
41.134823
28.993099
28.913792
28.738817
28.590874
41.026669
41.088402
40.741016
40.776505
40.883343
40.761288
29.072842
28.809566
40.225876
40.639961
28.197229
28.419775
27.845003
28.223946
40.265423
40.584591
39.641907
40.097897
40.735950
40.929302
28.348473
28.368107
40.929302
41.259129
30.217632
29.999084
29.848789
29.673096
41.331989
41.431282
41.233170
41.504749
41.363293
41.352852
29.472927
29.317348
41.483730
41.295525
29.414722
29.244087
29.165998
28.972591
41.384190
41.316353
41.290321
41.139988
40.781582
40.650043
30.479025
30.245523
41.352852
41.405106
29.197184
29.251919
28.908689
28.982841
41.155487
41.347633
41.036945
40.929302
41.331989
41.295525
29.155619
29.218012
40.862949
41.124496
30.307066
30.329508
30.109344
29.977129
41.155487
41.238358
41.441761
41.494240
41.285122
41.494240
29.576677
29.464975
41.410336
41.389416
29.552670
29.233652
29.070263
28.982841
41.279919
41.311146
41.410336
41.316353

35.230621
35.185226
23.831272
23.698561
23.481190
23.476143
34.405712
34.154678
34.283321
34.019932
35.831600
35.405727
24.477478
24.330265
33.725815
33.464054
23.175613
22.998316
22.991861
22.860332
33.032257
32.827087
32.446777
32.106606
33.865234
33.632351
23.210087
23.043600
32.562855
32.725456
22.503948
22.698809
22.348928
22.485418
31.975019
32.261494
31.577528
31.748861
32.683025
33.032257
22.550409
22.703527
35.601913
35.629009
24.238480
24.012897
24.034033
23.852089
35.132412
34.800339
34.804035
34.627495
34.366020
34.183186
23.496344
23.445908
34.218880
34.097816
23.450941
23.320761
23.299204
23.188734
33.618549
33.399246
33.062256
32.989025
36.291946
35.992970
24.726833
24.532455
33.795380
33.991703
23.282648
23.357330
23.059816
23.172337
33.304199
33.348259
32.647205
32.827087
34.076538
34.151119
23.289268
23.342356
36.352341
35.977161
24.440964
24.406376
24.267200
24.133156
35.567135
35.375149
35.268539
34.355209
34.452740
34.319229
23.774214
23.613173
34.583641
34.402100
23.599567
23.409058
23.251259
23.120016
33.977604
33.549709
33.525681
33.324520

40.959999
41.047226
28.809566
28.620840
28.898493
28.753948
41.036945
40.883343
40.791733
40.751152
41.129662
41.176174
29.390976
29.283289
40.260475
40.088085
28.002050
27.863945
28.093279
27.944738
40.073376
39.902580
39.709160
39.460503
40.374569
40.255527
28.069214
27.935209
39.205551
39.474762
27.256697
27.483017
27.331720
27.582491
38.958508
39.356232
38.451069
38.783287
39.342056
39.680309
27.343124
27.455383
40.589619
40.705589
29.093493
28.975153
29.264982
29.116758
41.279919
41.103863
40.959999
40.847668
40.852760
40.665176
28.454325
28.333765
40.751152
40.569519
28.348473
28.192377
28.476580
28.331316
40.534389
40.354679
40.181484
39.791134
41.093555
40.985615
29.627487
29.526041
40.389500
40.544418
28.143950
28.223946
28.238539
28.343569
40.344742
40.409420
39.791134
39.888008
40.614773
40.594646
28.117384
28.197229
40.319920
40.454323
29.251919
29.197184
29.504772
29.446442
41.300732
41.259129
40.913971
40.873146
41.000999
40.786655
28.618341
28.454325
40.756218
40.812057
28.491436
28.279968
28.608347
28.437038
40.720764
40.504326
40.489311
40.314960

34.926456
34.748676
23.983021
23.819147
24.067572
23.958471
34.892982
34.634815
34.715542
34.623837
35.870827
35.478561
24.523275
24.362825
33.409462
33.324520
23.241365
22.990248
23.315783
23.193659
33.604759
33.310970
33.072266
32.869896
33.639256
33.450386
23.310806
23.151052
32.325146
32.634201
22.586159
22.806236
22.750816
22.873098
32.411472
32.771278
31.956310
32.198093
32.569328
32.909512
22.679956
22.768204
35.321762
35.109825
24.355581
24.166973
24.457382
24.295988
35.540131
35.200344
35.238197
35.098545
34.233181
34.115566
23.618279
23.514891
34.108463
33.826778
23.526709
23.410730
23.688282
23.511517
34.233181
33.963516
33.701534
33.423092
36.348309
36.115948
24.788563
24.661699
33.580650
33.649620
23.387339
23.415751
23.449263
23.546997
33.872234
33.945923
33.256878
33.327908
34.005810
34.005810
23.358995
23.342356
35.784645
35.405727
24.593216
24.479307
24.639446
24.596907
36.036510
35.800285
35.796371
35.493935
34.715542
34.366020
23.750092
23.642136
34.312042
34.044674
23.689995
23.498028
23.808764
23.572405
34.438255
34.090721
34.083630
33.802353

40.171631
40.039101
27.402576
27.112362
27.400284
27.299841
39.990238
39.829830
39.815311
39.598793
40.771431
40.594646
28.009232
27.873426
39.069988
38.820045
26.462086
26.455675
26.634153
26.571522
38.709984
38.469124
38.204502
37.961075
39.130642
38.824646
26.692734
26.541389
37.677361
38.080185
25.838196
26.055979
25.934309
26.159986
37.513451
37.873325
37.000904
37.274487
37.917149
38.168900
25.934309
26.072565
40.319920
40.235756
27.776554
27.605728
27.710783
27.610380
40.469311
40.029320
39.965851
40.024429
39.656300
39.408298
27.038534
26.918591
39.594006
39.360962
26.914169
26.793131
27.083231
26.956236
39.294880
38.967773
38.838451
38.614189
41.036945
40.919083
28.282410
28.139116
38.939987
39.271332
26.601721
26.762495
26.841415
26.909748
38.806252
39.069988
38.338600
38.482677
39.360962
39.389351
26.764683
26.848013
40.424377
40.339775
27.911413
27.795403
28.102917
27.978142
40.746082
40.579567
40.310001
40.344742
39.931759
39.617943
27.098907
26.947369
39.805637
39.584442
26.998434
26.852413
27.146053
26.907537
39.574879
39.243114
39.266628
38.912243

41.191704
41.305939
29.278055
29.176386
29.327845
29.176386
41.352852
41.269520
41.285122
41.109020
40.929302
40.985615
29.936050
29.799927
40.751152
40.300087
28.498869
28.370564
28.555992
28.216654
40.369595
40.459316
40.265423
40.083179
40.604710
40.822224
28.650869
28.488958
39.766991
39.805637
27.790688
28.018812
27.776554
28.037991
39.598793
39.995117
39.139992
39.356232
40.063576
40.319920
27.897156
28.064405
41.207245
41.176174
29.640886
29.502115
29.683847
29.515402
41.378963
41.363293
41.337200
41.279919
41.186527
41.176174
29.016205
28.857773
41.103863
40.959999
28.839993
28.756472
28.921448
28.796907
41.088402
40.929302
40.756218
40.579567
41.285122
40.857857
30.178671
30.034830
40.812057
40.919083
28.197229
28.736298
28.711119
28.801970
40.604710
40.919083
40.364620
40.524364
41.067802
41.145153
28.731258
28.809566
40.990742
41.129662
29.884176
29.748526
29.955206
29.813484
41.394642
41.368515
41.259129
41.269520
41.394642
41.238358
29.186781
29.036774
41.238358
41.181351
29.034203
28.812099
29.078001
28.751427
41.212425
40.980492
41.036945
40.903759

34.083630
34.265396
23.499714
23.226538
23.763870
23.623386
34.579990
34.398487
34.660461
34.449116
35.436359
34.982384
24.074646
23.843410
33.078941
32.869896
22.791960
22.717693
23.108604
22.833252
33.344868
33.109024
32.935974
32.751625
33.351654
32.856712
22.858738
22.758717
31.984383
32.163330
22.178003
22.289640
22.474623
22.626709
32.185444
32.469284
31.810503
32.138092
32.172802
32.533756
22.250288
22.374872
34.911572
34.697163
23.921740
23.708849
24.032270
23.984776
35.314152
34.959991
35.042240
34.715542
33.854736
33.684212
23.106974
22.961250
33.365238
33.270382
23.147781
22.978962
23.422445
23.280994
33.900269
33.670364
33.426502
33.395844
35.815937
35.336998
24.395473
24.234894
33.192867
33.233265
22.825300
22.990248
23.208443
23.261164
33.621998
33.708466
33.062256
33.213055
33.290665
33.698067
22.956425
23.037121
35.463203
34.963722
24.200886
24.049908
24.433674
24.290586
35.749508
35.551697
35.444023
35.200344
34.265396
33.896763
23.405714
23.236420
33.795380
33.594421
23.241365
23.064686
23.472780
23.307489
34.119118
33.851238
33.907284
33.854736

39.342056
39.290169
27.322605
27.009562
26.766869
26.657990
39.023460
38.824646
38.870701
38.783287
40.117531
39.863747
27.631334
27.443886
38.316185
37.978676
26.500607
26.342953
26.055979
25.899462
37.699032
37.427757
37.206768
37.005081
38.401501
38.195595
26.381128
26.182980
37.072067
37.278725
25.803606
26.000158
25.315205
25.540140
36.477791
36.875984
35.981113
36.231754
36.921692
37.577980
25.606001
25.754932
39.627525
39.536678
27.671001
27.476103
27.148302
27.007336
39.541451
39.309021
39.276039
39.079308
38.995598
38.824646
26.707964
26.451405
38.573277
38.541519
26.881050
26.760311
26.402386
26.239590
38.352058
38.071339
37.860195
37.483414
40.344742
40.250584
27.866316
27.755379
38.352058
38.478157
26.679693
26.766869
26.178797
26.269039
37.952282
38.111187
37.329689
37.440586
38.361038
38.751183
26.425806
26.489895
39.728420
39.550995
27.947121
27.802477
27.436993
27.204649
39.892864
39.747696
39.565323
39.257217
38.977043
38.677998
26.819447
26.664497
39.056019
38.787880
26.870029
26.810669
26.487753
26.281681
38.577820
38.302746
38.168900
37.917149

37.965473
37.847076
25.787361
25.648090
25.558069
25.374012
37.109852
36.838673
36.925850
36.875984
38.365532
38.080185
26.400257
26.243793
36.429127
36.191738
24.996567
24.860025
24.841179
24.661699
35.804195
35.543983
35.352249
34.978649
36.636852
36.437229
25.144260
24.975609
35.204124
35.447857
24.321236
24.510435
24.136711
24.335686
34.601902
34.963722
34.097816
34.362415
35.470882
35.831600
24.415468
24.565559
38.509811
38.208954
26.197634
25.989847
25.864710
25.598000
37.934708
37.577980
37.612488
37.368000
37.160355
36.963341
25.470657
25.313248
36.950836
36.780785
25.344574
25.088430
25.190653
25.006105
36.412933
36.175755
35.941647
35.644512
38.977043
38.797062
26.688385
26.530645
36.445335
36.628662
25.151979
25.221674
24.967999
24.992754
36.064274
36.183746
35.436359
35.497780
36.830391
36.950836
25.200338
25.274200
38.870701
38.605091
26.470636
26.359907
26.224890
26.122450
38.352058
38.160007
38.124493
37.655712
37.147717
37.139294
25.642069
25.508329
37.329689
37.126671
25.405489
25.317160
25.274200
25.055819
36.665546
36.304012
36.368481
36.123913

40.913971
40.812057
29.422646
29.283289
28.623341
28.670925
40.730888
40.655087
40.660133
40.574543
41.129662
41.124496
29.398888
29.338346
40.419392
40.186413
28.660894
28.521194
28.054794
27.897156
39.878300
39.661098
39.555771
39.097961
40.680325
40.544418
28.333765
28.168142
39.427265
39.656300
27.918549
28.016417
27.290747
27.506086
38.618740
39.130642
38.424015
38.650623
39.810474
40.117531
27.575527
27.738932
40.746082
40.725826
29.608747
29.590031
29.005930
28.977715
40.837486
40.766361
40.484310
40.756218
40.934418
40.827312
28.590874
28.459267
40.741016
40.655087
29.003363
28.743860
28.429638
28.282410
40.349712
40.176556
40.029320
39.863747
41.119339
41.129662
29.737726
29.520721
40.424377
40.529377
28.655882
28.852690
28.168142
28.277529
39.892864
40.201202
39.646702
39.689922
40.817139
40.873146
28.409918
28.469158
40.364620
40.389500
29.963423
29.878727
29.388340
29.259756
40.735950
40.730888
40.675274
40.751152
41.088402
40.959999
28.769096
28.630844
40.888447
40.741016
29.171192
28.972591
28.491436
28.272650
40.579567
40.374569
40.245640
40.176556

23.879900
23.850353
35.567135
35.310345
34.997330
34.818829
23.937468
23.781116
23.681435
23.596169
24.451906
24.215193
35.737812
35.536278
23.025789
22.850767
34.172489
33.984650
33.739704
33.501686
23.152689
23.051706
22.895472
22.746078
23.300861
23.103716
33.508537
33.321133
22.422335
22.542652
33.062256
33.436733
32.696068
32.998993
22.503948
22.731876
22.271461
22.399343
22.658001
22.771370
32.331524
32.566090
24.213404
24.097662
36.191738
35.878681
35.737812
35.295132
24.346535
24.035795
23.956718
23.824343
23.604668
23.464375
34.058830
33.949440
23.419096
23.226538
34.756046
34.554466
34.366020
34.058830
23.466055
23.382332
23.203512
23.071182
24.726833
24.543480
36.159786
35.906200
23.123280
23.167421
34.452740
34.532616
33.893257
34.058830
23.300861
23.370659
22.933931
22.993475
23.400700
23.496344
33.653076
33.812817
24.493946
24.361013
36.640949
36.376553
36.203735
35.965317
24.598753
24.466513
24.236687
24.147385
23.719147
23.563929
34.470860
34.208164
23.501398
23.377327
34.993591
34.719219
34.496262
34.204594
23.678011
23.492973
23.322420
23.137976

28.893396
28.789316
40.903759
40.857857
40.908863
41.016399
28.860313
28.733778
29.114172
29.023914
29.390976
29.026485
41.026669
41.098709
27.894781
27.760082
40.710648
40.196270
40.374569
39.878300
28.040390
27.897156
27.854471
27.722504
28.134283
27.954273
40.127357
39.990238
27.152802
27.320328
39.685116
40.058681
39.233715
39.646702
27.299841
27.492239
27.166307
27.297567
27.381968
27.591782
39.079308
39.266628
29.207594
29.108999
40.295132
40.700535
40.670223
40.806973
29.278055
28.608347
29.467627
29.301619
28.476580
28.353378
40.680325
40.459316
28.255583
28.105326
41.006130
40.934418
40.776505
40.670223
28.437038
28.287292
28.306841
28.165722
29.550005
29.483534
40.776505
40.924191
27.966204
28.054794
40.746082
40.847668
40.579567
40.634922
28.143950
28.289736
27.909037
28.086054
28.245840
28.292177
40.255527
40.389500
29.427931
29.312103
40.280270
40.275318
40.624844
40.781582
29.547340
29.414722
29.729631
29.560667
28.683474
28.432104
40.806973
40.665176
28.424706
28.292177
40.868046
40.939529
40.929302
40.873146
28.424706
28.336216
28.663401
28.508787

24.820482
24.751114
36.119930
35.977161
36.793175
36.632755
25.150049
25.011831
24.969900
24.871347
25.239159
25.027113
36.984200
36.735428
23.930475
23.767317
35.008549
34.785564
35.226833
35.001068
24.373699
24.208038
24.005861
23.935720
24.044615
23.698561
34.800339
34.492630
23.256210
23.397358
33.977604
34.265396
34.080082
34.423782
23.684856
23.918247
23.390676
23.528399
23.399029
23.579189
33.604759
33.798866
25.105730
25.013741
36.838673
36.546955
37.453423
37.168785
25.606001
25.358303
25.299568
25.138474
24.342916
24.247448
35.230621
35.072247
24.202673
24.118946
35.444023
35.333191
35.749508
35.574856
24.698877
24.556355
24.388210
24.222353
25.540140
25.381874
37.423481
37.198318
23.968985
24.048143
35.257156
35.298935
35.413380
35.543983
24.475651
24.530619
24.133156
24.177673
24.172321
24.225935
34.892982
34.959991
25.401550
25.278099
37.295696
37.051109
37.847076
37.655712
25.897415
25.738749
25.590004
25.470657
24.556355
24.361013
35.679443
35.455528
24.422747
24.261810
35.772926
35.574856
36.412933
36.135864
24.890240
24.667269
24.521441
24.424568

25.998096
25.893322
38.532455
38.266964
37.882080
37.812138
25.791420
25.656122
25.730663
25.664160
26.742838
26.468498
38.926109
38.614189
25.013741
24.905373
37.449142
37.219444
36.453442
36.159786
25.006105
24.863798
24.792313
24.670982
25.295662
25.144260
37.055298
36.793175
24.297791
24.481136
36.308033
36.636852
35.234409
35.621262
24.279787
24.512268
24.081722
24.211615
24.617233
24.797941
35.921947
36.219742
26.336601
26.208111
38.995598
38.742020
38.609638
38.361038
26.195539
26.004286
26.118284
25.938416
25.662151
25.508329
37.590916
37.410664
25.346535
25.254721
37.947887
37.642735
37.109852
36.797306
25.334776
25.231386
25.151979
25.006105
26.956236
26.854614
39.379883
39.088631
25.098040
25.151979
37.686028
37.651386
36.702511
36.888439
25.142330
25.192589
24.844946
24.916737
25.439018
25.514288
37.156139
37.308437
26.644983
26.500607
39.318455
39.097961
39.042057
38.820045
26.526350
26.400257
26.436466
26.212303
26.004286
25.769110
37.785976
37.608173
25.560062
25.362228
38.031570
37.812138
37.573673
37.253296
25.500389
25.282000
25.299568
25.136545

29.304239
29.272825
40.746082
40.751152
40.429363
40.975365
28.819700
28.663401
28.736298
28.680964
29.441151
29.238869
41.222794
41.316353
28.311733
28.129454
40.857857
40.665176
40.132271
39.922028
27.992483
27.823725
27.706097
27.550026
28.279968
28.127039
40.464314
40.305042
27.563931
27.722504
39.990238
40.310001
38.977043
39.290169
27.231779
27.439289
26.969547
27.098907
27.483017
27.734236
39.413036
39.646702
29.689228
29.552670
40.549438
40.519352
40.514343
40.604710
29.228436
29.026485
29.062529
28.926554
28.635847
28.508787
40.756218
40.675274
28.726221
28.538582
40.954880
40.954880
40.579567
40.404438
28.363195
28.209366
28.095688
27.959044
29.627487
29.568670
41.160660
41.171001
28.387768
28.387768
40.985615
40.970242
40.275318
40.053783
28.124624
28.209366
27.750677
27.878170
28.441975
28.479053
40.559475
40.639961
29.862389
29.762035
40.564495
40.549438
40.290176
40.359650
29.520721
29.375168
29.362007
29.197184
28.771622
28.498869
41.016399
40.888447
28.908689
28.786787
40.847668
40.949764
40.832397
40.720764
28.481529
28.262894
28.284851
28.117384

23.883383
23.848618
35.532421
35.276134
34.919010
34.756046
23.953217
23.753534
23.708849
23.619982
24.435495
24.211615
35.749508
35.513168
23.032263
22.945171
34.201023
33.956478
33.805840
33.529110
23.155960
23.041981
22.881084
22.750816
23.264465
23.175613
33.487991
33.307583
22.459219
22.525606
33.115715
33.375431
32.692806
33.119061
22.536451
22.739763
22.300259
22.417732
22.628271
22.815763
32.411472
32.575802
24.200886
24.067572
36.107990
35.714443
35.648392
35.405727
24.330265
24.111847
23.981264
23.852089
23.608068
23.450941
34.208164
33.991703
23.372326
23.238068
34.770798
34.550823
34.226028
33.959995
23.455976
23.385670
23.198584
23.097202
24.697016
24.582146
36.123913
35.953480
23.067934
23.172337
34.445496
34.667793
33.903778
34.062370
23.264465
23.367325
22.974129
23.014469
23.410730
23.455976
33.691135
33.865234
24.501270
24.350153
36.616383
36.308033
36.199734
35.941647
24.591370
24.484795
24.281586
24.041086
23.700275
23.541922
34.496262
34.176052
23.482872
23.385670
35.136177
34.781872
34.627495
34.265396
23.693420
23.457657
23.340694
23.175613

28.873028
28.804501
40.685375
40.806973
40.919083
40.985615
28.845070
28.746382
29.119347
29.036774
29.333096
29.194584
41.150322
41.057510
27.878170
27.755379
40.655087
40.444336
40.359650
40.191341
28.049992
27.868685
27.939972
27.800119
28.122211
28.009232
40.161785
39.980476
27.148302
27.297567
39.709160
40.048889
39.294880
39.665901
27.274845
27.496853
27.184338
27.349970
27.359104
27.603403
39.042057
39.271332
29.173790
29.080582
40.245640
40.414406
40.822224
40.913971
29.272825
29.075422
29.446442
29.335720
28.479053
28.346022
40.639961
40.389500
28.270210
28.148785
40.965122
40.878242
40.766361
40.584591
28.395147
28.277529
28.309288
28.148785
29.606071
29.467627
40.919083
41.021534
27.992483
28.074024
40.822224
40.888447
40.529377
40.660133
28.197229
28.289736
28.023603
28.074024
28.287292
28.336216
40.295132
40.444336
29.472927
29.291142
40.166706
40.166706
40.449326
40.685375
29.555336
29.422646
29.699991
29.582016
28.673433
28.451855
40.913971
40.746082
28.449383
28.299507
41.031807
40.949764
40.929302
40.852760
28.555992
28.353378
28.658388
28.498869

24.792313
24.732433
36.135864
35.981113
36.859394
36.669651
25.117277
24.992754
24.901588
24.931904
25.219734
25.019470
36.950836
36.714848
23.919994
23.775940
34.986118
34.781872
35.215477
35.016029
24.353771
24.184811
24.060503
23.916502
24.030508
23.921740
34.726578
34.572693
23.239716
23.422445
33.865234
34.211735
34.097816
34.380444
23.681435
23.892090
23.397358
23.482872
23.377327
23.558847
33.573769
33.896763
25.146191
25.011831
36.851101
36.502171
37.496281
37.173000
25.574026
25.360266
25.313248
25.159704
24.348343
24.225935
35.260948
35.053486
24.265404
24.111847
35.467041
35.230621
35.800285
35.590313
24.708189
24.558195
24.386396
24.238480
25.546114
25.334776
37.406391
37.147717
23.974247
24.034033
35.253361
35.295132
35.474720
35.536278
24.486624
24.558195
24.118946
24.209826
24.174105
24.267200
34.715542
34.907852
25.403521
25.293709
37.287209
37.017624
37.803413
37.673027
25.893322
25.720566
25.576023
25.480560
24.545319
24.373699
35.691101
35.394253
24.408194
24.260014
35.796371
35.455528
36.457500
35.965317
24.890240
24.667269
24.499439
24.410011

25.996033
25.944576
38.500763
38.249096
37.978676
37.759853
25.807671
25.648090
25.761005
25.640062
26.710140
26.447134
38.600540
38.677998
25.032850
24.907267
37.470554
37.181435
36.429127
36.271862
24.954687
24.886459
24.790438
24.637594
25.324987
25.138474
37.088852
36.851101
24.315821
24.455557
36.291946
36.591846
35.215477
35.586445
24.303196
24.504936
24.118946
24.243858
24.589523
24.803574
35.843361
36.195736
26.328138
26.195539
38.958508
38.769524
38.564198
38.302746
26.226990
25.998096
26.093327
25.726624
25.560062
25.368120
37.686028
37.440586
25.375978
25.206154
37.969872
37.764206
37.114056
36.526585
25.354380
25.138474
25.136545
25.006105
27.002884
26.795322
39.280746
39.121300
25.069237
25.117277
37.677361
37.707710
36.498108
36.867687
25.142330
25.225557
24.875124
24.924316
25.435070
25.540140
37.139294
37.333942
26.657990
26.477053
39.327892
39.149342
38.949245
38.833847
26.487753
26.396004
26.438599
26.252203
25.998096
25.748861
37.899609
37.716389
25.568041
25.419285
38.146683
37.820869
37.586601
37.177219
25.466698
25.295662
25.276150
25.144260

29.325220
29.238869
40.852760
40.827312
40.924191
40.949764
28.796907
28.653376
28.718668
28.668417
29.422646
29.215406
41.295525
41.217609
28.306841
28.153622
40.852760
40.690426
40.127357
39.907440
27.871056
27.802477
27.734236
27.582491
28.284851
28.112560
40.409420
40.295132
27.543077
27.724850
39.926891
40.275318
38.926109
39.318455
27.224991
27.420921
26.980650
27.123583
27.526882
27.750677
39.413036
39.665901
29.659666
29.552670
40.409420
40.559475
40.464314
40.756218
29.223223
29.003363
29.111586
28.924000
28.625841
28.488958
40.791733
40.695480
28.726221
28.518711
40.730888
40.959999
40.564495
40.394478
28.377934
28.214224
28.078835
27.963816
29.667723
29.542013
41.155487
41.155487
28.397608
28.437038
40.975365
41.021534
40.300087
40.394478
28.127039
28.214224
27.790688
27.863945
28.424706
28.484005
40.559475
40.629883
29.884176
29.775557
40.499321
40.579567
40.235756
40.414406
29.499460
29.367270
29.333096
29.225830
28.789316
28.526159
40.985615
40.934418
28.883209
28.774149
40.939529
40.944645
40.862949
40.660133
28.469158
28.260458
28.194803
28.124624

28.890848
28.832380
41.098709
41.026669
40.862949
40.852760
28.982841
28.834917
29.312103
29.228436
29.470276
29.264982
40.509335
40.710648
27.980532
27.774199
40.655087
40.504326
40.078278
39.858898
28.158461
28.002050
28.124624
27.982920
28.228807
28.081242
40.295132
40.181484
27.195618
27.368246
39.713974
40.063576
39.000237
39.313736
27.420921
27.566248
27.391123
27.522257
27.441587
27.722504
39.247814
39.555771
29.225830
29.147839
40.954880
40.990742
40.389500
40.756218
29.385706
29.186781
29.648932
29.550005
28.583391
28.434572
40.695480
40.599678
28.360741
28.168142
41.000999
40.944645
40.514343
40.379543
28.546041
28.385309
28.506308
28.360741
29.592703
29.499460
40.280270
40.389500
28.006838
28.086054
40.847668
40.584591
39.931759
40.399456
28.326418
28.404993
28.194803
28.267771
28.402531
28.021208
40.092991
40.434353
29.523380
29.362007
40.929302
40.832397
40.690426
40.639961
29.624807
29.528702
29.897810
29.753927
28.716150
28.593369
40.944645
40.852760
28.513748
28.348473
41.139988
40.944645
40.705589
40.609741
28.668417
28.449383
28.873028
28.753948

23.869463
23.772490
34.930180
34.741306
34.678802
34.441875
23.909523
23.767317
23.625090
23.526709
24.464685
24.267200
36.080158
35.815937
22.974129
22.841209
33.837257
33.511967
33.273762
33.095646
23.100458
22.991861
22.790375
22.639215
23.251259
23.157597
33.963516
33.746655
22.355028
22.480791
32.784393
33.035587
32.286926
32.696068
22.482332
22.668972
22.169001
22.310886
22.637651
22.881084
32.866600
33.152569
24.183025
23.995314
35.648392
35.253361
35.359879
35.053486
24.310410
24.156284
23.872942
23.813953
23.638725
23.459335
34.525341
34.312042
23.309147
23.187094
34.326420
34.097816
33.844246
33.687672
23.314123
23.274380
23.085812
22.988634
24.752983
24.648714
36.612289
36.271862
23.059816
23.131441
33.802353
34.183186
33.331299
33.632351
23.169060
23.226538
22.873098
22.909880
23.324080
23.390676
33.805840
33.967037
24.471994
24.234894
36.147820
35.933765
35.784645
35.598045
24.598753
24.461033
24.243858
24.120722
23.815683
23.552074
34.829933
34.485371
23.457657
23.307489
34.576344
34.151119
34.172489
33.875736
23.652374
23.455976
23.183811
23.071182

25.961020
25.879007
38.240170
38.102325
37.764206
37.565060
25.876965
25.718546
25.714510
25.618013
26.755939
26.552143
38.939987
38.783287
25.006105
24.848715
37.118259
36.797306
36.048405
35.831600
25.067320
24.918631
24.790438
24.674698
25.336735
25.153912
36.287930
36.636852
24.276190
24.462860
35.800285
36.219742
34.767109
35.173893
24.395473
24.569244
24.140268
24.249241
24.622784
24.831768
35.687214
35.941647
26.326023
26.182980
38.824646
38.577820
38.374516
38.151123
26.292225
26.109961
26.122450
25.954851
25.714510
25.558069
37.526340
37.266006
25.342613
25.248882
37.712051
37.547840
36.632755
36.408890
25.440994
25.299568
25.155842
25.017559
27.054161
26.905329
39.238415
39.051365
25.107655
25.173235
37.312687
37.461987
36.308033
36.421028
25.237215
25.313248
24.890240
24.945189
25.476597
25.556076
37.034359
37.194099
26.612524
26.449270
39.214935
39.023460
38.815445
38.646069
26.651484
26.447134
26.359907
26.212303
26.031141
25.834122
37.899609
37.634087
25.524225
25.342613
37.851448
37.543537
37.329689
36.963341
25.566046
25.370083
25.289804
25.150049

24.773569
24.771696
36.287930
36.052372
36.616383
36.324131
25.276150
25.115353
24.958488
24.852484
25.305429
25.069237
36.805573
36.546955
23.925234
23.419096
35.083511
34.826229
34.609211
34.590942
24.451906
24.283384
24.078184
23.960222
24.113621
23.995314
34.807732
34.587292
23.300861
23.422445
33.910793
34.290497
33.691135
33.830269
23.772490
23.940966
23.400700
23.546997
23.466055
23.650667
33.711933
33.949440
25.169369
25.065401
36.880135
36.555111
37.240597
36.955002
25.724604
25.494436
25.276150
25.136545
24.451906
24.281586
35.424866
35.083511
24.249241
24.163410
35.574856
35.356064
35.467041
35.204124
24.766079
24.628336
24.419107
24.265404
25.584009
25.435070
37.227901
37.017624
24.016417
24.058737
35.245777
35.367512
35.076000
35.223045
24.565559
24.643152
24.150944
24.202673
24.256422
24.292387
34.937626
35.019772
25.474617
25.324987
37.274487
37.063679
37.694698
37.444862
25.981606
25.864710
25.576023
25.346535
24.611687
24.437319
35.733913
35.444023
24.437319
24.292387
35.855125
35.555557
36.219742
35.493935
24.911055
24.769823
24.512268
24.417288

23.833006
23.755257
35.004807
34.722900
34.634815
34.485371
23.916502
23.781116
23.631905
23.560541
24.475651
24.281586
36.167770
35.839439
22.962858
22.849174
33.819798
33.525681
33.314354
33.125759
23.121649
22.991861
22.763460
22.648603
23.257860
23.187094
34.048214
33.798866
22.348928
22.469999
32.430721
32.989025
32.290108
32.588760
22.500858
22.620461
22.125591
22.303295
22.609535
22.818941
32.919430
33.098991
24.190166
24.014658
35.667793
35.295132
35.390430
35.001068
24.166973
23.963726
23.944466
23.850353
23.608068
23.464375
34.558109
34.304859
23.241365
23.183811
34.322823
34.154678
33.833763
33.604759
23.440876
23.310806
23.098829
22.991861
24.734299
24.650568
36.575512
36.348309
23.016085
23.105345
33.995228
34.044674
33.453804
33.646164
23.233126
23.289268
22.874695
22.841209
23.427469
23.474461
34.041138
34.218880
24.457382
24.308605
36.135864
35.866901
35.847282
35.640636
24.543480
24.442787
24.202673
24.081722
23.812223
23.643841
34.848454
34.598248
23.467735
23.332384
34.521702
34.186749
34.236755
33.649620
23.671169
23.454298
23.238068
23.118385

29.314726
29.272825
40.862949
41.093555
41.088402
40.919083
28.880663
28.776674
28.736298
28.678453
29.427931
29.251919
40.878242
40.949764
28.387768
28.240973
40.806973
40.741016
39.995117
39.723602
28.088463
27.939972
27.757730
27.638327
28.385309
28.231239
40.629883
40.389500
27.624346
27.776554
40.004883
40.295132
38.815445
39.088631
27.347689
27.513014
27.038534
27.143805
27.622019
27.861576
39.560547
39.713974
29.614098
29.507429
40.579567
40.746082
40.934418
41.072952
29.291142
29.101244
29.047070
28.939327
28.741339
28.578405
40.959999
40.781582
28.789316
28.633345
41.124496
41.036945
40.434353
40.285221
28.469158
28.319073
28.136700
28.014021
29.670410
29.568670
40.655087
40.868046
28.459267
28.531128
40.995872
40.965122
40.181484
40.305042
28.233673
28.282410
27.866316
27.944738
28.516230
28.588379
40.300087
40.725826
29.895082
29.748526
40.554455
40.670223
40.344742
40.619808
29.547340
29.319971
29.327845
29.204990
28.829844
28.653376
41.186527
41.078098
28.926554
28.784258
40.975365
41.011265
40.837486
40.665176
28.623341
28.414846
28.304398
28.148785

24.732433
24.777315
36.227749
36.072216
36.640949
36.316082
25.258614
25.082670
24.935698
24.882679
25.282000
25.063484
36.727192
36.546955
23.942715
23.819147
35.076000
34.866993
34.656796
34.605556
24.426388
24.274391
24.085262
23.961975
24.122498
23.991800
34.756046
34.590942
23.320761
23.397358
33.977604
34.240334
33.673824
34.044674
23.744928
23.906033
23.427469
23.563929
23.447584
23.635315
33.750130
33.896763
25.194525
25.027113
36.789043
36.494041
37.215218
36.921692
25.662151
25.474617
25.285902
25.157774
24.457382
24.251036
35.317955
35.132412
24.258217
24.120722
35.582581
35.386608
35.447857
35.223045
24.747375
24.656132
24.413649
24.276190
25.588005
25.450874
37.194099
37.034359
24.018177
24.048143
35.249569
35.352249
35.072247
35.196564
24.545319
24.572927
24.143826
24.231310
24.200886
24.306803
34.885551
34.993591
25.474617
25.334776
37.278725
37.025990
37.552143
37.496281
26.027006
25.862667
25.582012
25.448896
24.600601
24.450083
35.663910
35.463203
24.430031
24.279787
35.796371
35.570995
36.139847
35.831600
25.017559
24.767952
24.526947
24.368261

28.918896
28.824772
41.098709
41.129662
40.852760
40.812057
28.946997
28.829844
29.304239
29.241478
29.459679
29.254530
40.444336
40.634922
27.973366
27.800119
40.660133
40.519352
40.097897
39.863747
28.153622
28.052393
28.114973
27.978142
28.197229
28.064405
40.354679
40.161785
27.202391
27.329441
39.675507
40.107712
38.963139
39.337334
27.423216
27.645323
27.388834
27.519947
27.448484
27.729542
39.290169
39.608364
29.262369
29.121933
41.093555
41.016399
40.822224
40.771431
29.351486
29.168596
29.627487
29.547340
28.565948
28.456795
40.761288
40.529377
28.326418
28.160879
40.944645
40.781582
40.474308
40.399456
28.546041
28.368107
28.493914
28.377934
29.590031
29.515402
40.314960
40.454323
28.011625
28.078835
40.720764
40.919083
40.260475
40.324883
28.301952
28.422239
28.098097
28.292177
28.382851
28.432104
40.399456
40.509335
29.542013
29.375168
40.990742
40.959999
40.766361
39.820148
29.579346
29.504772
29.919649
29.775557
28.799437
28.588379
40.873146
40.842579
28.471630
28.355833
41.052368
40.959999
40.741016
40.655087
28.683474
28.461739
28.878119
28.711119

25.887186
25.891277
38.258026
37.996288
37.764206
37.582291
25.830050
25.756956
25.728643
25.660141
26.747204
26.509182
38.912243
38.696270
25.004196
24.839296
37.042732
36.838673
36.000877
35.772926
25.069237
24.918631
24.794189
24.683992
25.326944
25.173235
36.909214
36.600021
24.292387
24.448257
35.855125
36.235764
34.756046
35.173893
24.364637
24.567402
24.138491
24.258217
24.596907
24.822361
35.679443
35.890472
26.332369
26.162075
38.861481
38.650623
38.424015
38.208954
26.326023
26.128698
26.091249
25.948685
25.644075
25.550098
37.526340
37.282967
25.385807
25.196463
37.612488
37.500572
36.640949
36.457500
25.429148
25.299568
25.111504
25.011831
27.025154
26.900911
39.247814
39.065331
25.065401
25.130762
37.372261
37.453423
36.287930
36.392715
25.132689
25.256668
24.867573
24.956589
25.448896
25.544123
36.980026
37.109852
26.601721
26.496321
39.186798
39.056019
38.861481
38.673431
26.597403
26.464222
26.419415
26.235388
26.068417
25.809704
37.877701
37.664368
25.530191
25.344574
37.886459
37.526340
37.177219
36.938339
25.554083
25.317160
25.272251
25.163568

29.319971
29.228436
40.883343
40.857857
41.031807
40.954880
28.908689
28.764046
28.726221
28.660894
29.441151
29.254530
40.720764
40.954880
28.385309
28.236105
40.929302
40.730888
39.917164
39.786304
28.083647
27.920927
27.743629
27.633665
28.370564
28.219084
40.634922
40.429363
27.633665
27.760082
39.941490
40.275318
38.829247
39.214935
27.356821
27.556976
27.040766
27.177572
27.635996
27.826086
39.550995
39.786304
29.614098
29.526041
40.424377
40.700535
40.939529
41.083248
29.327845
29.127111
29.057373
28.916344
28.733778
28.598360
40.919083
40.791733
28.786787
28.625841
40.959999
40.944645
40.489311
40.305042
28.459267
28.309288
28.151203
27.982920
29.654299
29.558001
40.812057
40.766361
28.456795
28.548527
40.949764
41.021534
40.147022
40.142105
28.233673
28.311733
27.767138
27.951889
28.493914
28.603352
40.695480
40.735950
29.851507
29.726934
40.549438
40.589619
40.949764
40.424377
29.536686
29.430573
29.304239
29.220617
28.847610
28.660894
41.036945
41.011265
28.931662
28.776674
40.944645
41.062656
40.857857
40.639961
28.628342
28.404993
28.294621
28.136700

24.254625
24.191954
35.543983
35.367512
35.166344
34.989857
23.998829
23.895573
23.935720
23.949715
24.431852
24.199099
36.179752
35.989017
23.300861
23.239716
34.456360
34.254650
33.924835
33.732758
23.256210
23.116755
23.134708
22.987022
23.226538
23.134708
34.034069
33.798866
22.738186
22.869905
33.375431
33.753605
32.916122
33.182785
22.578379
22.766623
22.500858
22.662701
22.620461
22.830070
32.866600
33.078941
24.602448
24.361013
36.155800
35.808109
35.827682
35.478561
24.422747
24.224144
24.341108
24.225935
23.548689
23.487923
34.514431
34.315636
23.724298
23.574100
34.941353
34.700836
34.514431
34.218880
23.521643
23.385670
23.415751
23.314123
24.622784
24.506769
36.526585
36.320107
23.462694
23.511517
34.660461
34.800339
34.133335
34.290497
23.347345
23.466055
23.155960
23.205156
23.430819
23.459335
34.058830
34.233181
24.880789
24.726833
36.608200
36.356373
36.227749
36.107990
24.691433
24.539804
24.620934
24.532455
23.724298
23.498028
34.941353
34.656796
23.859035
23.707134
35.117352
34.818829
34.778179
34.384048
23.727734
23.552074
23.637020
23.518267

29.231043
29.160809
41.078098
41.171001
41.181351
41.171001
29.054796
28.918896
29.285906
29.228436
29.406803
29.210197
40.761288
40.806973
28.221514
28.088463
40.939529
40.852760
40.801891
40.604710
28.240973
28.093279
28.124624
27.978142
28.189951
28.052393
40.539402
40.409420
27.501469
27.645323
40.161785
40.414406
39.752518
40.137188
27.453083
27.642990
27.391123
27.517635
27.464588
27.703754
39.441502
39.685116
29.571339
29.425287
40.832397
41.031807
40.786655
40.934418
29.472927
29.259756
29.619452
29.520721
28.551016
28.449383
40.898651
40.924191
28.613342
28.446915
41.186527
41.139988
41.057510
41.000999
28.583391
28.461739
28.511269
28.370564
29.670410
29.550005
40.484310
40.609741
28.177832
28.397608
41.062656
41.083248
40.883343
40.965122
28.404993
28.461739
28.204510
28.292177
28.363195
28.444445
40.685375
40.655087
29.786383
29.683847
40.847668
40.837486
40.614773
40.761288
29.726934
29.571339
29.914186
29.791800
28.751427
28.493914
41.098709
40.965122
28.789316
28.628342
41.217609
41.222794
41.119339
41.155487
28.766571
28.501348
28.860313
28.723703

24.251036
24.204462
35.049740
34.959991
35.432526
35.185226
24.364637
24.243858
24.335686
24.242065
24.704464
24.477478
35.482403
35.253361
23.402370
23.262814
33.907284
33.771000
34.048214
33.854736
23.689995
23.553766
23.484556
23.350674
23.545305
23.455976
33.649620
33.351654
22.782452
22.917891
33.035587
33.253502
33.226524
33.375431
23.056572
23.224892
22.779284
22.929115
22.943565
23.120016
32.709122
32.827087
24.512268
24.440964
35.586445
35.378967
35.859051
35.605782
24.777315
24.565559
24.648714
24.534292
23.853825
23.736328
34.080082
33.798866
23.707134
23.602968
34.449116
34.290497
34.660461
34.394878
24.018177
23.859035
23.827806
23.689995
24.941391
24.844946
35.652267
35.417206
23.457657
23.491289
34.087173
34.151119
34.322823
34.456360
23.796659
23.836473
23.523331
23.619982
23.712280
23.753534
33.642712
33.718872
24.769823
24.715643
35.679443
35.726124
36.231754
36.088104
25.021381
24.941391
24.931904
24.809206
24.034033
23.857300
34.518066
34.485371
23.871202
23.696848
34.693489
34.420170
35.106064
34.789257
24.051674
23.911266
23.890347
23.798388

28.311733
28.105326
40.449326
40.000000
40.404438
40.344742
27.885286
27.760082
28.078835
28.004444
28.521194
28.469158
39.990238
39.926891
27.306667
27.188848
39.951233
39.839512
39.379883
38.815445
27.078754
26.810669
26.942938
26.808475
27.476103
27.211426
39.646702
39.455750
26.595243
26.731930
39.032757
39.261921
38.253559
38.564198
26.311226
26.560753
26.239590
26.381128
26.731930
26.969547
38.646069
38.875313
28.439507
28.479053
40.449326
40.424377
40.429363
40.399456
28.387768
28.160879
28.459267
28.265333
27.840271
27.682690
39.912304
39.892864
27.685028
27.538448
40.270370
40.191341
39.834671
39.598793
27.409452
27.283930
27.379679
27.188848
28.959787
28.786787
40.459316
40.230816
27.372818
27.425510
40.063576
40.201202
39.555771
39.656300
27.220469
27.288475
27.085468
27.096668
27.629005
27.741280
39.713974
39.762165
28.842531
28.761520
40.544418
40.489311
40.534389
40.559475
28.650869
28.501348
28.738817
28.588379
27.997267
27.774199
39.980476
39.980476
27.854471
27.736584
40.389500
40.250584
40.240696
40.073376
27.594105
27.381968
27.617361
27.453083

28.387768
28.282410
40.029320
39.641907
40.181484
40.225876
27.769491
27.635996
27.826086
27.861576
28.424706
28.074024
40.156864
40.043995
27.313496
27.130320
39.970726
39.897724
39.135315
38.646069
26.969547
26.808475
26.885462
26.723209
27.197876
27.078754
39.356232
39.172745
26.554295
26.721031
39.158699
39.403561
37.991882
38.320663
26.235388
26.432201
26.168344
26.298555
26.470636
26.694908
38.271431
38.500763
28.691008
28.560968
40.270370
40.137188
40.068478
40.142105
28.226376
28.002050
28.316626
28.172985
27.584814
27.375105
39.685116
39.627525
27.687368
27.531507
40.058681
39.995117
39.641907
39.417778
27.349970
27.179827
27.249897
27.085468
28.653376
28.459267
40.494316
40.280270
27.379679
27.448484
40.112621
40.019543
39.309021
39.398823
27.112362
27.175320
26.965109
27.025154
27.336281
27.430101
39.512840
39.536678
28.906139
28.814632
40.554455
40.374569
40.211067
40.151943
28.471630
28.368107
28.600855
28.469158
27.694387
27.471497
40.078278
39.892864
27.959044
27.762434
40.112621
40.235756
40.151943
39.892864
27.448484
27.240835
27.499161
27.391123

26.867826
26.804090
39.000237
38.838451
38.464607
38.311703
26.552143
26.434334
26.552143
26.498463
27.110119
26.942938
39.627525
39.489033
25.934309
25.795481
38.244633
38.137802
37.500572
37.210991
25.742792
25.588005
25.562056
25.460762
25.876965
25.761005
37.855824
37.681694
25.239159
25.360266
37.160355
37.543537
36.364445
36.702511
25.040501
25.227501
24.916737
25.032850
25.208094
25.375978
36.851101
36.950836
27.243099
27.110119
39.384617
39.130642
38.921486
38.687130
27.027384
26.775618
26.936293
26.793131
26.245895
26.099562
38.334114
38.191143
26.290115
26.145376
38.856873
38.595997
37.855824
37.803413
26.082941
25.979546
25.952795
25.797512
27.450783
27.293020
39.965851
39.795967
26.018740
26.087095
38.546055
38.568737
37.625446
37.825233
25.856544
25.932257
25.658133
25.714510
26.053907
26.147463
38.005104
38.089039
27.485321
27.377392
39.738056
39.598793
39.337334
39.042057
27.297567
27.175320
27.155050
27.067570
26.421545
26.176706
38.838451
38.646069
26.442867
26.264828
38.732861
38.573277
38.213409
38.000694
26.178797
26.049765
26.162075
25.998096

28.314180
28.248276
40.300087
40.399456
40.058681
39.536678
28.040390
27.894781
28.214224
28.117384
28.456795
28.272650
40.142105
40.078278
27.263500
27.132566
39.922028
39.713974
39.356232
39.065331
27.184338
27.078754
27.103392
26.951801
27.247631
27.110119
39.294880
39.097961
26.582298
26.701435
38.847660
39.200863
37.908375
38.555122
26.470636
26.690559
26.328138
26.511328
26.498463
26.764683
38.217869
38.361038
28.658388
28.511269
40.186413
40.300087
39.995117
40.137188
28.476580
28.299507
28.583391
28.466684
27.629005
27.473799
39.694729
39.579659
27.671001
27.519947
40.250584
40.127357
39.747696
39.550995
27.603403
27.427807
27.375105
27.329441
28.751427
28.613342
40.211067
40.349712
27.411745
27.446184
40.117531
40.127357
39.436756
39.536678
27.359104
27.432398
27.139307
27.159552
27.414038
27.473799
39.427265
39.560547
28.867941
28.756472
40.211067
40.211067
40.211067
40.156864
28.791845
28.618341
28.885754
28.761520
27.769491
27.570889
39.883156
39.912304
27.793045
27.724850
40.275318
40.201202
39.936623
39.863747
27.729542
27.501469
27.762434
27.480711

25.098040
25.027113
36.167770
35.996925
36.731308
36.628662
25.186779
25.006105
25.153912
25.023291
25.391708
25.169369
36.727192
36.457500
24.247448
24.094118
35.072247
34.915291
35.344624
35.087269
24.428209
24.294188
24.208038
24.088804
24.224144
24.108299
34.704514
34.499893
23.592772
23.719147
34.229603
34.481743
34.279736
34.653130
23.755257
23.965479
23.545305
23.705418
23.602968
23.788021
33.833763
34.034069
25.440994
25.287853
36.813843
36.437229
37.223675
37.093048
25.590004
25.328901
25.516275
25.330860
24.580301
24.437319
35.230621
35.008549
24.556355
24.433674
35.451694
35.340813
35.808109
35.644512
24.771696
24.620934
24.569244
24.439140
25.618013
25.409430
36.813843
36.805573
24.274391
24.323040
35.310345
35.306541
35.578720
35.625137
24.519606
24.656132
24.251036
24.366449
24.359203
24.450083
34.855865
34.978649
25.740770
25.572031
36.909214
36.884285
37.530640
37.423481
25.866751
25.718546
25.783302
25.646082
24.717508
24.497608
35.640636
35.444023
24.715643
24.598753
35.679443
35.440189
36.312057
36.056339
24.852484
24.713779
24.633890
24.587679

27.356821
27.204649
39.238415
39.172745
39.379883
39.304306
26.896496
26.771242
27.042997
27.014015
27.668665
27.430101
40.014652
39.791134
26.387503
26.241692
38.605091
38.442047
38.262493
38.111187
26.103720
25.944576
26.024939
25.872877
26.457811
26.247997
38.478157
38.258026
25.666170
25.799543
37.595226
37.947887
37.063679
37.449142
25.332817
25.598000
25.301521
25.450874
25.704424
25.936361
37.453423
37.677361
27.570889
27.524569
39.641907
39.408298
39.627525
39.546223
27.340843
27.137060
27.471497
27.329441
26.777805
26.675350
38.953876
38.774109
26.745022
26.567213
38.944614
38.898384
38.838451
38.586906
26.457811
26.332369
26.396004
26.233288
27.947121
27.682690
40.225876
40.260475
26.376881
26.502750
38.792469
38.806252
38.487198
38.605091
26.252203
26.307001
26.097483
26.170433
26.580143
26.699259
38.582363
38.687130
27.930447
27.767138
39.907440
39.709160
39.941490
39.858898
27.671001
27.469193
27.734236
27.591782
26.936293
26.701435
39.111961
38.986317
26.929651
26.760311
39.018814
38.787880
39.121300
38.866089
26.614685
26.396004
26.666666
26.528498

26.210207
26.132866
38.022743
37.768559
37.223675
37.072067
25.670193
25.480560
25.752909
25.648090
26.398130
26.182980
38.650623
38.550587
25.237215
25.128834
36.942501
36.768402
35.819851
35.640636
24.894022
24.734299
24.767952
24.574772
25.204216
25.082670
36.604111
36.344276
24.572927
24.708189
35.851204
36.215736
34.708187
34.837337
24.227726
24.395473
24.147385
24.274391
24.486624
24.717508
35.440189
35.694988
26.565060
26.440733
38.664307
38.258026
37.833969
37.560753
26.091249
25.899462
26.109961
25.965136
25.562056
25.409430
37.080456
36.925850
25.592003
25.466698
37.470554
37.266006
36.392715
36.187740
25.208094
25.096117
25.088430
24.937595
26.634153
26.532793
38.893768
38.806252
25.274200
25.387774
37.114056
37.278725
36.076187
36.155800
25.000381
25.084591
24.820482
24.877012
25.330860
25.439018
36.677860
36.780785
26.841415
26.707964
39.056019
38.907623
38.191143
38.031570
26.364149
26.220694
26.357786
26.224890
25.706440
25.500389
37.690361
37.376526
25.832085
25.676226
37.595226
37.299942
36.863541
36.538803
25.381874
25.153912
25.319117
25.171301

24.771696
24.691433
36.096058
35.906200
35.839439
35.605782
24.596907
24.444611
24.856255
24.704464
24.962292
24.756723
36.518444
36.287930
23.855562
23.717428
34.770798
34.514431
34.090721
33.851238
23.881641
23.720863
23.769041
23.679722
23.748369
23.657497
34.431019
34.208164
23.208443
23.314123
33.566891
33.921326
32.902901
33.263630
23.187094
23.399029
23.147781
23.226538
23.106974
23.357330
33.223156
33.457218
25.067320
24.981321
36.859394
36.518444
36.616383
36.187740
24.990849
24.766079
25.200338
25.059650
24.149164
23.970739
34.974918
34.678802
24.166973
24.026983
35.279930
35.049740
34.733940
34.499893
24.204462
24.042850
24.129602
23.990044
25.217793
25.074993
37.025990
36.817978
23.932222
23.976000
34.967453
35.053486
34.362415
34.481743
23.998829
24.049908
23.852089
23.925234
23.956718
23.981264
34.478115
34.675133
25.360266
25.266405
37.350964
37.143505
37.122467
36.888439
25.313248
25.136545
25.431122
25.313248
24.242065
24.085262
35.076000
35.106064
24.362825
24.202673
35.652267
35.272335
35.333191
35.027260
24.310410
24.090574
24.468340
24.260014

25.879007
25.864710
37.725075
37.552143
37.833969
37.664368
25.879007
25.767084
26.027006
25.944576
26.366270
26.162075
38.213409
38.035984
24.992754
24.875124
36.551033
36.324131
36.223743
36.012749
25.138474
25.006105
24.988943
24.958488
25.109579
24.988943
36.191738
36.203735
24.290586
24.450083
35.375149
35.714443
34.822529
35.440189
24.471994
24.632038
24.397289
24.526947
24.468340
24.665413
35.295132
35.528568
26.210207
26.114122
38.361038
38.111187
38.361038
38.155567
26.359907
26.145376
26.389627
26.162075
25.472637
25.362228
36.955002
36.772530
25.319117
25.204216
37.105652
36.834534
36.830391
36.368481
25.482542
25.317160
25.391708
25.276150
26.629826
26.483473
38.609638
38.469124
25.053904
25.140402
36.747784
36.628662
36.502171
36.608200
25.270302
25.297615
25.023291
25.215853
25.276150
25.237215
36.546955
36.649143
26.502750
26.376881
38.774109
38.627846
38.764935
38.532455
26.614685
26.453541
26.664497
26.528498
25.668180
25.494436
37.270245
37.067875
25.474617
25.356342
37.308437
37.009262
37.342449
37.080456
25.601999
25.383841
25.588005
25.464718

23.292580
23.295891
33.788410
33.542839
33.474308
33.334690
23.033882
22.877890
23.030643
22.898672
23.871202
23.705418
34.945080
34.855865
22.507040
22.370289
32.718922
32.459633
32.021889
31.721201
22.307850
22.197535
22.161505
22.052628
22.722418
22.597063
32.817226
32.572563
21.862823
21.946287
31.504663
31.890997
30.843374
31.264193
21.756855
21.894962
21.550806
21.671957
22.077887
22.241228
31.662962
31.856894
23.683146
23.592772
34.387657
34.062370
34.261814
33.917812
23.349010
23.198584
23.322420
23.234774
22.995089
22.941959
33.412868
33.219788
22.810999
22.668972
33.209690
32.912815
32.598488
32.325146
22.606417
22.491592
22.488504
22.333696
24.106525
24.078184
35.540131
35.363697
22.550409
22.607975
32.922737
33.065590
31.950077
32.353870
22.456141
22.525606
22.197535
22.211075
22.868309
22.935535
32.906204
32.833668
23.988287
23.839941
34.807732
34.565399
34.693489
34.272564
23.705418
23.555460
23.599567
23.498028
23.239716
23.033882
33.771000
33.324520
22.932325
22.855549
33.035587
32.975746
33.145863
32.748352
22.772951
22.600180
22.668972
22.545755

27.894781
27.807196
39.465252
39.474762
40.039101
39.791134
27.776554
27.692047
27.802477
27.715469
28.064405
27.909037
39.878300
39.752518
26.854614
26.721031
38.875313
38.636951
38.605091
38.356548
27.005110
26.898703
26.769054
26.619009
26.775618
26.666666
38.806252
38.618740
26.112041
26.317564
37.738110
38.097897
37.156139
37.755501
26.266933
26.492037
26.022871
26.233288
26.187166
26.423676
37.725075
37.934708
28.223946
28.064405
39.863747
39.791134
40.329845
40.201202
28.129454
28.066809
28.148785
28.028399
27.234043
27.110119
39.210243
39.163380
27.261230
27.069805
39.205551
39.154022
39.130642
38.930737
27.388834
27.265768
27.184338
27.067570
28.338667
28.233673
39.922028
39.829830
26.989540
27.065334
38.977043
39.083969
38.801659
38.912243
27.191105
27.256697
26.878845
27.027384
27.072042
27.116848
38.916866
39.097961
28.390226
28.331316
40.245640
39.922028
40.604710
39.844357
28.484005
28.370564
28.419775
28.216654
27.436993
27.220469
39.742874
39.531910
27.430101
27.315771
39.370419
39.196171
39.661098
39.313736
27.545393
27.347689
27.343124
27.220469

23.935720
23.829540
34.767109
34.514431
34.481743
34.286911
23.720863
23.592772
23.722580
23.635315
24.215193
24.030508
35.436359
35.601913
23.053328
22.962858
33.566891
33.334690
32.929356
32.817226
22.998316
22.858738
22.884279
22.730299
23.089064
22.991861
33.732758
33.464054
22.426939
22.516319
32.443565
32.738537
31.822861
32.090881
22.358078
22.553514
22.254822
22.385572
22.449986
22.676817
32.549915
32.764725
24.249241
24.145605
35.482403
35.151257
35.268539
34.900414
24.143826
23.939217
24.032270
23.935720
23.425793
23.287613
34.229603
34.072994
23.373993
23.226538
34.037601
33.795380
33.625450
33.256878
23.290924
23.203512
23.196941
23.066311
24.508602
24.388210
36.267849
36.024628
23.103716
23.177254
33.736229
33.896763
33.172707
33.243382
23.121649
23.190374
22.908278
22.982185
23.239716
23.277687
33.823288
33.833763
24.548996
24.377325
35.985065
35.726124
35.640636
35.398079
24.382767
24.314016
24.295988
24.218773
23.555460
23.400700
34.730259
34.532616
23.467735
23.410730
34.384048
33.959995
34.080082
33.767517
23.447584
23.269423
23.324080
23.213375

26.920801
26.823837
39.365688
39.229019
38.406002
38.133366
26.279573
26.176706
26.445000
26.379005
26.876640
26.651484
39.427265
39.224323
25.777218
25.692331
38.111187
37.868946
36.863541
36.604111
25.528202
25.372047
25.444944
25.272251
25.730663
25.616011
37.651386
37.406391
25.146191
25.287853
36.930012
37.282967
35.613522
35.965317
24.829885
25.017559
24.719372
24.865685
25.023291
25.272251
36.372517
36.690182
27.268038
27.103392
39.723602
39.503315
39.290169
38.981678
26.716673
26.474913
26.808475
26.699259
26.128698
25.954851
38.182243
38.005104
26.189259
26.072565
38.677998
38.482677
37.517746
37.240597
25.893322
25.740770
25.783302
25.588005
27.159552
27.029613
39.762165
39.541451
25.909702
26.016674
38.401501
38.464607
37.109852
37.274487
25.644075
25.765057
25.480560
25.534170
25.899462
25.942522
37.790337
37.855824
27.526882
27.407160
39.980476
39.839512
39.589222
39.465252
27.007336
26.856815
27.074280
26.954018
26.187166
25.940468
38.437538
38.213409
26.477053
26.340836
39.014168
38.659744
38.217869
37.799053
25.989847
25.803606
26.000158
25.850426

27.143805
27.092186
39.484276
39.191483
39.451000
39.154022
27.245365
27.101151
27.134813
27.067570
27.496853
27.318048
39.849205
39.766991
26.182980
26.029074
38.280373
38.013920
37.642735
37.419209
26.389627
26.243793
26.185072
26.043554
26.302778
26.151636
38.182243
37.925926
25.474617
25.508329
37.088852
37.453423
36.384632
36.776657
25.658133
25.881052
25.468678
25.598000
25.450874
25.789391
36.984200
37.206768
27.524569
27.393412
39.868599
39.675507
39.985355
39.379883
27.694387
27.471497
27.524569
27.379679
26.688385
26.472775
38.755764
38.244633
26.562906
26.410896
38.939987
38.641510
38.271431
38.031570
26.801897
26.612524
26.462086
26.415155
27.776554
27.654654
39.990238
39.849205
26.239590
26.319679
38.582363
38.659744
37.908375
38.062492
26.552143
26.634153
26.279573
26.315451
26.421545
26.517763
38.262493
38.392502
27.778908
27.654654
40.196270
40.019543
40.305042
40.147022
27.947121
27.804836
27.809557
27.666328
26.828230
26.603880
39.163380
39.004879
26.723209
26.541389
39.093296
38.751183
38.939987
38.559662
26.945152
26.727570
26.699259
26.534943

24.204462
24.118946
35.200344
34.982384
35.128643
34.804035
24.202673
24.028746
24.426388
24.382767
24.534292
24.281586
35.532421
35.314152
23.324080
23.203512
33.952957
33.698067
33.348259
33.226524
23.482872
23.382332
23.449263
23.317442
23.404043
23.137976
33.625450
33.546272
22.698809
22.844395
32.846832
33.169350
32.408268
32.735264
22.810999
23.033882
22.801476
22.916288
22.654867
22.838026
32.725456
32.869896
24.526947
24.397289
35.831600
35.136177
35.726124
35.386608
24.613535
24.442787
24.741770
24.624634
23.700275
23.565624
34.240334
34.005810
23.666040
23.503084
34.485371
34.261814
34.044674
33.861732
23.770765
23.688282
23.750092
23.635315
24.766079
24.659843
35.969265
35.745609
23.384001
23.429144
34.183186
34.254650
33.746655
33.847744
23.616577
23.688282
23.496344
23.601267
23.499714
23.596169
33.837257
33.900269
24.850599
24.691433
36.123913
36.008793
36.127895
35.914074
24.865685
24.745506
25.025202
24.899696
23.874681
23.693420
34.391270
34.208164
23.810493
23.695133
34.711864
34.405712
34.671463
34.319229
23.954967
23.715712
23.970739
23.895573

26.916380
26.839216
39.149342
38.912243
38.903004
38.655186
26.631990
26.485613
26.830427
26.766869
27.297567
27.022926
39.550995
39.379883
25.977486
25.834122
37.939098
37.725075
37.147717
36.913372
25.852465
25.696362
25.773163
25.648090
26.093327
25.919949
37.807777
37.513451
25.266405
25.431122
36.723076
37.147717
35.918011
36.036510
25.146191
25.364193
25.094194
25.237215
25.401550
25.616011
36.600021
36.871834
27.268038
27.137060
39.795967
39.470009
39.432011
39.163380
27.042997
26.845814
27.188848
27.022926
26.472775
26.326023
38.289318
38.128925
26.342953
26.176706
38.491718
38.280373
37.812138
37.530640
26.231188
26.047695
26.168344
25.973368
27.582491
27.446184
39.844357
39.627525
26.074640
26.139120
38.258026
38.293793
37.432030
37.522041
25.985725
26.066343
25.872877
25.942522
26.252203
26.311226
37.864571
37.943493
27.563931
27.432398
40.078278
39.956104
39.868599
39.670704
27.345406
27.168560
27.464588
27.372818
26.619009
26.381128
38.646069
38.289318
26.483473
26.332369
38.778698
38.428520
38.388004
38.066914
26.328138
25.993971
26.372635
26.258514

42.194180
42.188747
43.948498
43.702320
44.777260
44.509644
41.415573
41.420807
41.700180
41.753311
42.188747
42.091202
43.749001
43.661560
40.639961
40.449326
42.550320
42.281292
43.127140
42.974426
40.344742
40.225876
40.092991
40.000000
40.609741
40.414406
41.918896
41.747993
39.670704
39.926891
41.305939
41.801250
41.774605
42.210487
39.318455
39.723602
39.224323
39.413036
39.205551
39.849205
40.883343
41.150322
42.794827
42.600105
44.527790
44.245205
45.511112
45.247169
42.308586
42.058784
42.418121
42.390686
40.985615
40.746082
42.456596
42.352333
41.072952
40.965122
42.968792
42.980064
43.545513
43.528160
40.786655
40.903759
40.720764
40.700535
42.688900
42.561371
43.942604
43.913158
40.690426
40.786655
42.845188
42.867607
43.447361
43.499271
40.554455
40.695480
40.280270
40.549438
40.474308
40.893547
42.167030
42.270382
43.218147
43.115791
44.850807
44.710056
45.861443
45.676052
42.594566
42.611183
42.867607
42.666668
41.243549
41.021534
42.555843
42.572430
41.620728
41.441761
43.586060
43.332451
44.365013
44.090420
41.217609
40.806973
41.259129
41.057510

171.201675
188.105621
130.706024
130.135025
134.958817
134.130173
190.622452
190.179916
196.098145
195.863724
190.069611
187.352768
131.072006
130.031754
178.572205
177.604340
126.224960
125.164246
129.774261
129.007874
184.296967
183.266220
183.986526
183.883270
177.508133
176.456650
123.933434
123.606186
172.191284
173.651291
122.314293
123.699509
126.176361
126.615150
177.412018
179.747665
178.183792
179.649124
170.755600
172.918213
120.514893
121.452927
191.513733
190.069611
133.746933
132.022568
137.334457
136.192856
195.629852
193.435654
200.538559
197.635712
180.242020
179.158005
126.127792
125.499809
182.044449
180.440521
127.303810
127.007751
131.810135
130.083374
188.430130
187.352768
188.430130
186.712250
193.778824
191.625732
132.663971
131.598389
179.354126
179.649124
126.811142
126.958542
130.497803
130.967224
186.605927
187.245712
184.816696
186.076096
178.864624
179.747665
124.735443
125.164246
195.280090
193.778824
135.125778
133.856216
138.788651
138.203293
199.683121
197.635712
204.289276
202.271606
183.266220
178.669571
126.517372
126.371002
183.986526
182.246948
128.754425
128.250488
131.651260
132.717697
188.430130
185.129944
191.513733
190.400925

171.560211
187.459961
130.497803
130.031754
134.792267
134.240067
190.844498
189.519958
196.333130
195.629852
189.739426
188.430130
130.914902
129.517792
178.377792
176.742172
126.224960
125.596016
129.007874
128.957108
184.296967
182.449890
185.339371
184.089890
177.700653
176.456650
123.141678
123.095413
171.650085
172.644882
121.588127
123.559578
126.322281
127.106285
177.700653
180.142929
177.893600
178.767044
170.577820
172.735901
120.514893
121.318031
191.401871
190.955704
133.528931
131.863174
137.738541
136.306152
196.568680
193.549911
200.661362
197.993958
180.838852
179.354126
126.176361
125.451759
182.348358
180.341217
127.850174
127.452354
131.440033
130.445862
188.755768
186.712250
188.647095
187.459961
193.778824
190.733414
132.022568
130.445862
178.962311
180.242020
126.762093
127.106285
130.238480
130.810379
185.549271
187.245712
185.759644
186.712250
178.572205
179.846329
124.640549
125.020981
195.047623
192.979980
134.736847
134.350143
138.788651
137.912460
198.834946
196.923080
202.396545
202.022202
182.348358
180.440521
127.007751
126.079262
183.883270
182.959244
129.466614
128.300705
133.365891
131.969391
188.755768
186.393631
191.401871
190.400925

